9.15014 2.34384 -0.810103
9.15014 2.34384 -0.810103
9.15014 2.34384 -0.810103
9.16274 3.24849 -0.712203
9.16274 3.24849 -0.712203
9.17533 3.58423 -1.10303
9.17533 3.58423 -1.10303
9.17533 3.77386 -0.940119
9.17533 3.77386 -0.940119
9.17533 3.77386 -0.940119
9.17533 4.15313 -0.614303
9.17533 4.15313 -0.614303
9.17533 4.34277 -0.451396
9.17533 4.34277 -0.451396
9.17533 4.34277 -0.451396
9.18792 5.05778 -0.516404
9.18792 5.05778 -0.516404
9.20051 5.39352 -0.907228
9.20051 5.39352 -0.907228
9.20051 5.58315 -0.74432
9.20051 5.58315 -0.74432
9.20051 5.58315 -0.74432
9.2131 6.4878 -0.64642
9.2131 6.4878 -0.64642
9.2131 6.4878 -0.64642
9.2131 6.86707 -0.320604
9.2131 7.0567 -0.157696
9.2131 7.0567 -0.157696
9.2131 7.0567 -0.157696
9.1052 7.79339 -0.247941
9.1052 7.79339 -0.247941
9.1052 7.98302 -0.0850339
9.70766 7.87462 0.041151
9.70766 7.87462 0.041151
9.72025 8.21037 -0.349673
9.72025 8.21037 -0.349673
9.73284 8.92538 -0.414681
9.73284 8.92538 -0.414681
9.73284 8.92538 -0.414681
9.73284 9.11501 -0.251773
9.73284 9.11501 -0.251773
9.73284 9.49428 0.0740428
9.73284 9.49428 0.0740428
9.73284 9.49428 0.0740428
9.74543 10.0197 -0.153873
9.74543 10.0197 -0.153873
9.75802 10.7347 -0.218881
10.3731 10.962 -0.48352
10.3731 10.962 -0.48352
10.3857 11.4874 -0.711436
10.3857 11.4874 -0.711436
10.3857 11.4874 -0.711436
10.3857 11.4874 -0.711436
10.3857 11.8667 -0.385621
10.3857 11.8667 -0.385621
10.3983 12.392 -0.613537
10.3983 12.392 -0.613537
10.3983 12.392 -0.613537
10.3983 12.7713 -0.287721
10.3857 12.6252 0.266011
10.4108 13.107 -0.678544
10.4108 13.107 -0.678544
10.4108 13.107 -0.678544
10.2904 13.6976 -0.215058
10.2904 13.6976 -0.215058
10.2904 13.8873 -0.0521498
10.2904 13.8873 -0.0521498
10.2904 13.8873 -0.0521498
10.2904 13.8873 -0.0521498
10.2904 13.8873 -0.0521498
10.3029 14.6023 -0.117158
10.3029 14.6023 -0.117158
10.3155 15.1276 -0.345074
10.3155 15.1276 -0.345074
10.3155 15.5069 -0.0192585
10.3155 15.5069 -0.0192585
10.3155 15.5069 -0.0192585
10.3281 16.0323 -0.247175
10.3281 16.0323 -0.247175
10.3281 16.0323 -0.247175
10.3281 16.0323 -0.247175
10.3281 16.0323 -0.247175
10.3281 16.4116 0.0786409
10.3281 16.4116 0.0786409
10.3533 17.6519 -0.214283
10.3533 17.6519 -0.214283
10.3533 17.6519 -0.214283
10.3533 17.6519 -0.214283
10.3533 17.6519 -0.214283
10.3659 18.1773 -0.442198
10.3659 18.1773 -0.442198
10.3785 18.8923 -0.507207
10.3785 18.8923 -0.507207
10.8605 18.9952 -0.243352
10.8605 18.9952 -0.243352
10.8605 18.9952 -0.243352
10.8605 18.9952 -0.243352
10.8605 18.9952 -0.243352
10.873 19.7103 -0.308358
10.873 19.7103 -0.308358
10.873 19.8999 -0.145451
10.873 19.8999 -0.145451
10.873 19.8999 -0.145451
10.8856 20.6149 -0.210459
10.8856 20.6149 -0.210459
10.8982 21.1403 -0.438375
10.8982 21.1403 -0.438375
10.8982 21.5195 -0.11256
10.8982 21.5195 -0.11256
10.8982 21.5195 -0.11256
10.8982 21.7092 0.0503473
10.8982 21.7092 0.0503473
10.9108 22.0449 -0.340476
10.9108 22.0449 -0.340476
10.9108 22.0449 -0.340476
10.9234 22.7599 -0.405484
10.9234 22.7599 -0.405484
10.9234 22.9496 -0.242577
10.9234 22.9496 -0.242577
10.936 23.6646 -0.307584
10.936 23.6646 -0.307584
10.936 23.6646 -0.307584
10.936 23.6646 -0.307584
10.936 23.6646 -0.307584
10.9486 24.5692 -0.209685
10.9486 24.5692 -0.209685
10.9612 25.0946 -0.4376
11.5762 25.3219 -0.702239
11.5762 25.3219 -0.702239
11.5762 25.3219 -0.702239
11.5762 25.3219 -0.702239
11.4557 25.7229 -0.401661
11.4557 25.7229 -0.401661
11.4557 25.7229 -0.401661
11.4557 25.9125 -0.238753
11.4557 25.9125 -0.238753
11.4557 26.2918 0.0870628
11.4557 26.2918 0.0870628
11.4683 27.0068 0.0220547
11.4683 27.0068 0.0220547
11.4683 27.0068 0.0220547
11.4809 27.3425 -0.36877
11.4809 27.3425 -0.36877
11.4809 27.5322 -0.205862
11.4809 27.5322 -0.205862
11.4935 28.4368 -0.107962
11.4935 28.4368 -0.107962
11.4935 28.4368 -0.107962
11.4935 28.4368 -0.107962
11.4935 28.4368 -0.107962
11.5061 29.1518 -0.172969
11.5061 29.1518 -0.172969
11.5061 29.1518 -0.172969
11.5061 29.3415 -0.0100613
11.5061 29.3415 -0.0100613
11.5187 30.0565 -0.0750704
11.5187 30.0565 -0.0750704
11.5313 30.3922 -0.465893
11.5313 30.3922 -0.465893
11.5313 30.3922 -0.465893
11.5313 30.5819 -0.302984
11.5313 30.5819 -0.302984
11.5313 30.9611 0.022831
11.5313 30.9611 0.022831
11.5439 31.4865 -0.205086
11.5439 31.4865 -0.205086
11.5439 31.4865 -0.205086
11.5565 32.2015 -0.270094
11.5565 32.2015 -0.270094
11.5691 32.7269 -0.49801
11.5691 32.7269 -0.49801
11.5691 33.1062 -0.172194
11.5691 33.1062 -0.172194
11.5691 33.1062 -0.172194
11.5691 33.1062 -0.172194
11.5691 33.1062 -0.172194
11.5817 33.6315 -0.400112
11.5817 33.6315 -0.400112
11.5817 33.6315 -0.400112
11.5817 34.0108 -0.074295
11.5817 34.0108 -0.074295
12.0762 34.4495 -0.201263
12.0762 34.4495 -0.201263
12.0762 34.4495 -0.201263
12.0888 34.7852 -0.592087
12.0888 34.7852 -0.592087
12.1014 35.6898 -0.494186
12.1014 35.6898 -0.494186
12.1014 35.6898 -0.494186
12.1014 36.0691 -0.168371
12.8369 36.2748 -0.407774
12.8369 36.2748 -0.407774
12.8369 36.2748 -0.407774
12.8369 36.2748 -0.407774
12.8495 36.8001 -0.635689
12.8495 36.8001 -0.635689
12.8621 37.5152 -0.700697
12.8621 37.5152 -0.700697
12.8621 37.7048 -0.537788
12.8621 37.7048 -0.537788
12.8621 37.7048 -0.537788
12.7416 38.1057 -0.237211
12.7416 38.1057 -0.237211
12.7416 38.1057 -0.237211
12.7416 38.1057 -0.237211
12.6337 39.0321 -0.164547
12.6337 39.0321 -0.164547
12.6337 39.0321 -0.164547
12.6337 39.2217 -0.00164032
12.6337 39.2217 -0.00164032
12.6463 39.5574 -0.392466
12.6463 39.5574 -0.392466
12.6463 39.5574 -0.392466
12.6589 40.2725 -0.45747
12.6589 40.2725 -0.45747
13.1409 40.3754 -0.193617
13.1409 40.3754 -0.193617
13.1409 40.3754 -0.193617
13.1409 40.7546 0.1322
13.1409 40.7546 0.1322
13.1535 41.0904 -0.258623
13.1535 41.0904 -0.258623
13.1535 41.28 -0.0957165
13.1535 41.28 -0.0957165
13.1535 41.28 -0.0957165
13.1661 41.995 -0.160725
13.1661 41.995 -0.160725
13.1786 42.5204 -0.388641
13.1786 42.5204 -0.388641
13.1786 42.8997 -0.0628262
13.1786 42.8997 -0.0628262
13.1912 43.425 -0.290739
13.1912 43.425 -0.290739
13.1912 43.425 -0.290739
13.1786 43.6582 0.588806
13.1786 43.6582 0.588806
13.1786 43.6582 0.588806
13.0833 44.1617 -0.380985
13.0959 44.6871 -0.608902
13.0833 44.7306 0.107738
13.0833 44.7306 0.107738
13.0833 44.9203 0.270647
13.0833 44.9203 0.270647
13.0833 44.9203 0.270647
13.0959 45.6353 0.205637
13.0959 45.6353 0.205637
13.0959 45.8249 0.368544
13.0959 45.8249 0.368544
13.0959 45.8249 0.368544
13.1085 46.5399 0.303537
13.1085 46.5399 0.303537
13.1085 46.7296 0.466444
13.1085 46.7296 0.466444
13.1211 47.0653 0.0756207
13.1211 47.0653 0.0756207
13.1211 47.0653 0.0756207
13.1337 47.7803 0.0106125
13.1337 47.7803 0.0106125
14.3512 48.0889 0.0350666
14.3512 47.8993 -0.127842
14.3638 48.4246 -0.355757
14.3638 48.4246 -0.355757
14.3512 48.4682 0.360882
14.3638 48.8039 -0.0299416
14.3638 48.8039 -0.0299416
14.3638 48.9935 0.132967
14.3638 48.9935 0.132967
14.3638 48.9935 0.132967
14.389 50.2339 -0.159956
14.389 50.2339 -0.159956
14.389 50.6132 0.165859
14.389 50.6132 0.165859
14.389 50.6132 0.165859
14.389 50.6132 0.165859
14.389 50.6132 0.165859
14.2685 50.8245 0.30353
15.004 51.0302 0.064127
15.004 51.4094 0.389942
15.004 51.4094 0.389942
15.004 51.4094 0.389942
15.0166 51.9348 0.162027
15.0166 51.9348 0.162027
15.0292 52.2706 -0.228796
15.0292 52.2706 -0.228796
15.0292 52.6498 0.0970192
15.0292 52.6498 0.0970192
15.0292 52.6498 0.0970192
15.0418 53.5545 0.19492
15.0418 53.5545 0.19492
15.0418 53.5545 0.19492
15.0418 53.5545 0.19492
15.0418 53.5545 0.19492
15.0544 54.0798 -0.0329971
15.0544 54.0798 -0.0329971
15.0544 54.4591 0.292818
15.0544 54.4591 0.292818
14.9465 55.0062 0.0396652
14.9465 55.0062 0.0396652
14.9465 55.0062 0.0396652
14.9591 55.3419 -0.35116
14.9591 55.3419 -0.35116
14.9591 55.7212 -0.0253448
14.9591 55.7212 -0.0253448
14.9591 55.7212 -0.0253448
14.9591 55.9108 0.137564
14.9591 55.9108 0.137564
14.9717 56.6258 0.0725574
14.9717 56.6258 0.0725574
14.9843 57.1512 -0.155357
15.5867 57.0428 -0.0291729
15.5867 57.0428 -0.0291729
15.5993 57.7578 -0.094183
15.5993 57.7578 -0.094183
15.5993 57.9474 0.0687256
15.5993 57.9474 0.0687256
15.5993 57.9474 0.0687256
15.5993 57.9474 0.0687256
15.5993 57.9474 0.0687256
15.6119 58.6625 0.00371742
15.6119 58.6625 0.00371742
15.6119 58.8521 0.166624
15.6119 58.8521 0.166624
15.6119 58.8521 0.166624
15.6245 59.5671 0.101616
15.6245 59.5671 0.101616
15.6371 59.9028 -0.289206
15.6371 59.9028 -0.289206
15.6371 59.9028 -0.289206
15.6371 60.4717 0.199518
15.6371 60.4717 0.199518
15.6497 60.9971 -0.0283985
15.6497 60.9971 -0.0283985
15.6497 61.3764 0.297417
16.1316 61.2897 0.398363
16.1442 61.6254 0.00753975
16.1442 61.6254 0.00753975
16.1442 61.6254 0.00753975
16.1568 62.1508 -0.220377
16.1568 62.1508 -0.220377
16.1568 62.5301 0.105438
16.1568 62.5301 0.105438
16.1568 62.5301 0.105438
16.1568 62.7197 0.268347
16.1568 62.7197 0.268347
16.1568 62.7197 0.268347
16.1568 62.7197 0.268347
16.1694 63.4347 0.203339
16.1694 63.4347 0.203339
16.1694 63.4347 0.203339
16.182 64.3393 0.301241
16.182 64.3393 0.301241
16.1946 64.6751 -0.0895824
16.1946 64.6751 -0.0895824
16.1946 64.6751 -0.0895824
16.1946 64.8647 0.0733261
16.1946 64.8647 0.0733261
16.1946 65.244 0.399139
16.1946 65.244 0.399139
16.2072 65.7694 0.171223
16.2072 65.7694 0.171223
16.2072 65.7694 0.171223
16.2198 66.1051 -0.219597
16.2198 66.1051 -0.219597
16.2198 66.4844 0.106216
16.2198 66.4844 0.106216
16.2324 67.0098 -0.1217
16.2324 67.0098 -0.1217
16.2324 67.389 0.204113
16.2324 67.389 0.204113
16.2324 67.389 0.204113
16.245 67.9144 -0.0237999
16.245 67.9144 -0.0237999
16.1371 68.6511 -0.114044
16.1371 68.6511 -0.114044
16.1371 68.6511 -0.114044
16.1371 68.8407 0.0488625
16.1371 68.8407 0.0488625
16.7521 69.0681 -0.215778
16.7521 69.0681 -0.215778
16.7521 69.0681 -0.215778
16.7647 69.7831 -0.280785
16.7647 69.7831 -0.280785
16.7647 69.9727 -0.117878
16.7647 69.9727 -0.117878
16.7647 70.352 0.207939
16.7647 70.352 0.207939
16.7647 70.352 0.207939
16.7773 70.6877 -0.182888
16.7773 70.6877 -0.182888
16.7899 71.5924 -0.0849876
16.7899 71.5924 -0.0849876
16.7899 71.782 0.077919
9.15014 2.34384 -0.810103
9.15014 2.34384 -0.810103
9.15014 2.34384 -0.810103
9.16274 3.24849 -0.712203
9.16274 3.24849 -0.712203
9.17533 3.58423 -1.10303
9.17533 3.58423 -1.10303
9.17533 3.77386 -0.940119
9.17533 3.77386 -0.940119
9.17533 3.77386 -0.940119
9.17533 4.15313 -0.614303
9.17533 4.15313 -0.614303
9.17533 4.34277 -0.451396
9.17533 4.34277 -0.451396
9.17533 4.34277 -0.451396
9.18792 5.05778 -0.516404
9.18792 5.05778 -0.516404
9.20051 5.39352 -0.907228
9.20051 5.39352 -0.907228
9.20051 5.58315 -0.74432
9.20051 5.58315 -0.74432
9.20051 5.58315 -0.74432
9.2131 6.4878 -0.64642
9.2131 6.4878 -0.64642
9.2131 6.4878 -0.64642
9.2131 6.86707 -0.320604
9.2131 7.0567 -0.157696
9.2131 7.0567 -0.157696
9.2131 7.0567 -0.157696
9.1052 7.79339 -0.247941
9.1052 7.79339 -0.247941
9.1052 7.98302 -0.0850339
9.70766 7.87462 0.041151
9.70766 7.87462 0.041151
9.72025 8.21037 -0.349673
9.72025 8.21037 -0.349673
9.73284 8.92538 -0.414681
9.73284 8.92538 -0.414681
9.73284 8.92538 -0.414681
9.73284 9.11501 -0.251773
9.73284 9.11501 -0.251773
9.73284 9.49428 0.0740428
9.73284 9.49428 0.0740428
9.73284 9.49428 0.0740428
9.74543 10.0197 -0.153873
9.74543 10.0197 -0.153873
9.75802 10.7347 -0.218881
10.3731 10.962 -0.48352
10.3731 10.962 -0.48352
10.3857 11.4874 -0.711436
10.3857 11.4874 -0.711436
10.3857 11.4874 -0.711436
10.3857 11.4874 -0.711436
10.3857 11.8667 -0.385621
10.3857 11.8667 -0.385621
10.3983 12.392 -0.613537
10.3983 12.392 -0.613537
10.3983 12.392 -0.613537
10.3983 12.7713 -0.287721
10.3857 12.6252 0.266011
10.4108 13.107 -0.678544
10.4108 13.107 -0.678544
10.4108 13.107 -0.678544
10.2904 13.6976 -0.215058
10.2904 13.6976 -0.215058
10.2904 13.8873 -0.0521498
10.2904 13.8873 -0.0521498
10.2904 13.8873 -0.0521498
10.2904 13.8873 -0.0521498
10.2904 13.8873 -0.0521498
10.3029 14.6023 -0.117158
10.3029 14.6023 -0.117158
10.3155 15.1276 -0.345074
10.3155 15.1276 -0.345074
10.3155 15.5069 -0.0192585
10.3155 15.5069 -0.0192585
10.3155 15.5069 -0.0192585
10.3281 16.0323 -0.247175
10.3281 16.0323 -0.247175
10.3281 16.0323 -0.247175
10.3281 16.0323 -0.247175
10.3281 16.0323 -0.247175
10.3281 16.4116 0.0786409
10.3281 16.4116 0.0786409
10.3533 17.6519 -0.214283
10.3533 17.6519 -0.214283
10.3533 17.6519 -0.214283
10.3533 17.6519 -0.214283
10.3533 17.6519 -0.214283
10.3659 18.1773 -0.442198
10.3659 18.1773 -0.442198
10.3785 18.8923 -0.507207
10.3785 18.8923 -0.507207
10.8605 18.9952 -0.243352
10.8605 18.9952 -0.243352
10.8605 18.9952 -0.243352
10.8605 18.9952 -0.243352
10.8605 18.9952 -0.243352
10.873 19.7103 -0.308358
10.873 19.7103 -0.308358
10.873 19.8999 -0.145451
10.873 19.8999 -0.145451
10.873 19.8999 -0.145451
10.8856 20.6149 -0.210459
10.8856 20.6149 -0.210459
10.8982 21.1403 -0.438375
10.8982 21.1403 -0.438375
10.8982 21.5195 -0.11256
10.8982 21.5195 -0.11256
10.8982 21.5195 -0.11256
10.8982 21.7092 0.0503473
10.8982 21.7092 0.0503473
10.9108 22.0449 -0.340476
10.9108 22.0449 -0.340476
10.9108 22.0449 -0.340476
10.9234 22.7599 -0.405484
10.9234 22.7599 -0.405484
10.9234 22.9496 -0.242577
10.9234 22.9496 -0.242577
10.936 23.6646 -0.307584
10.936 23.6646 -0.307584
10.936 23.6646 -0.307584
10.936 23.6646 -0.307584
10.936 23.6646 -0.307584
10.9486 24.5692 -0.209685
10.9486 24.5692 -0.209685
10.9612 25.0946 -0.4376
11.5762 25.3219 -0.702239
11.5762 25.3219 -0.702239
11.5762 25.3219 -0.702239
11.5762 25.3219 -0.702239
11.4557 25.7229 -0.401661
11.4557 25.7229 -0.401661
11.4557 25.7229 -0.401661
11.4557 25.9125 -0.238753
11.4557 25.9125 -0.238753
11.4557 26.2918 0.0870628
11.4557 26.2918 0.0870628
11.4683 27.0068 0.0220547
11.4683 27.0068 0.0220547
11.4683 27.0068 0.0220547
11.4809 27.3425 -0.36877
11.4809 27.3425 -0.36877
11.4809 27.5322 -0.205862
9.15014 2.34384 -0.810103
9.15014 2.34384 -0.810103
9.15014 2.34384 -0.810103
9.16274 3.24849 -0.712203
9.16274 3.24849 -0.712203
9.17533 3.58423 -1.10303
9.17533 3.58423 -1.10303
9.17533 3.77386 -0.940119
9.17533 3.77386 -0.940119
9.17533 3.77386 -0.940119
9.17533 4.15313 -0.614303
9.17533 4.15313 -0.614303
9.17533 4.34277 -0.451396
9.17533 4.34277 -0.451396
9.17533 4.34277 -0.451396
9.18792 5.05778 -0.516404
9.18792 5.05778 -0.516404
9.20051 5.39352 -0.907228
9.20051 5.39352 -0.907228
9.20051 5.58315 -0.74432
9.20051 5.58315 -0.74432
9.20051 5.58315 -0.74432
9.2131 6.4878 -0.64642
9.2131 6.4878 -0.64642
9.2131 6.4878 -0.64642
9.2131 6.86707 -0.320604
9.2131 7.0567 -0.157696
9.2131 7.0567 -0.157696
9.2131 7.0567 -0.157696
9.1052 7.79339 -0.247941
9.1052 7.79339 -0.247941
9.1052 7.98302 -0.0850339
9.70766 7.87462 0.041151
9.70766 7.87462 0.041151
9.72025 8.21037 -0.349673
9.72025 8.21037 -0.349673
9.73284 8.92538 -0.414681
9.73284 8.92538 -0.414681
9.73284 8.92538 -0.414681
9.73284 9.11501 -0.251773
9.73284 9.11501 -0.251773
9.73284 9.49428 0.0740428
9.73284 9.49428 0.0740428
9.73284 9.49428 0.0740428
9.74543 10.0197 -0.153873
9.74543 10.0197 -0.153873
9.75802 10.7347 -0.218881
10.3731 10.962 -0.48352
10.3731 10.962 -0.48352
10.3857 11.4874 -0.711436
10.3857 11.4874 -0.711436
10.3857 11.4874 -0.711436
10.3857 11.4874 -0.711436
10.3857 11.8667 -0.385621
10.3857 11.8667 -0.385621
10.3983 12.392 -0.613537
10.3983 12.392 -0.613537
10.3983 12.392 -0.613537
10.3983 12.7713 -0.287721
10.3857 12.6252 0.266011
10.4108 13.107 -0.678544
10.4108 13.107 -0.678544
10.4108 13.107 -0.678544
10.2904 13.6976 -0.215058
10.2904 13.6976 -0.215058
10.2904 13.8873 -0.0521498
10.2904 13.8873 -0.0521498
10.2904 13.8873 -0.0521498
10.2904 13.8873 -0.0521498
10.2904 13.8873 -0.0521498
10.3029 14.6023 -0.117158
10.3029 14.6023 -0.117158
10.3155 15.1276 -0.345074
10.3155 15.1276 -0.345074
10.3155 15.5069 -0.0192585
10.3155 15.5069 -0.0192585
10.3155 15.5069 -0.0192585
10.3281 16.0323 -0.247175
10.3281 16.0323 -0.247175
10.3281 16.0323 -0.247175
10.3281 16.0323 -0.247175
10.3281 16.0323 -0.247175
10.3281 16.4116 0.0786409
10.3281 16.4116 0.0786409
10.3533 17.6519 -0.214283
10.3533 17.6519 -0.214283
10.3533 17.6519 -0.214283
10.3533 17.6519 -0.214283
10.3533 17.6519 -0.214283
10.3659 18.1773 -0.442198
10.3659 18.1773 -0.442198
10.3785 18.8923 -0.507207
10.3785 18.8923 -0.507207
10.8605 18.9952 -0.243352
10.8605 18.9952 -0.243352
10.8605 18.9952 -0.243352
10.8605 18.9952 -0.243352
10.8605 18.9952 -0.243352
10.873 19.7103 -0.308358
10.873 19.7103 -0.308358
10.873 19.8999 -0.145451
10.873 19.8999 -0.145451
10.873 19.8999 -0.145451
10.8856 20.6149 -0.210459
10.8856 20.6149 -0.210459
10.8982 21.1403 -0.438375
10.8982 21.1403 -0.438375
10.8982 21.5195 -0.11256
10.8982 21.5195 -0.11256
10.8982 21.5195 -0.11256
10.8982 21.7092 0.0503473
10.8982 21.7092 0.0503473
10.9108 22.0449 -0.340476
10.9108 22.0449 -0.340476
10.9108 22.0449 -0.340476
10.9234 22.7599 -0.405484
10.9234 22.7599 -0.405484
10.9234 22.9496 -0.242577
10.9234 22.9496 -0.242577
10.936 23.6646 -0.307584
10.936 23.6646 -0.307584
10.936 23.6646 -0.307584
10.936 23.6646 -0.307584
10.936 23.6646 -0.307584
10.9486 24.5692 -0.209685
10.9486 24.5692 -0.209685
10.9612 25.0946 -0.4376
11.5762 25.3219 -0.702239
11.5762 25.3219 -0.702239
11.5762 25.3219 -0.702239
11.5762 25.3219 -0.702239
11.4557 25.7229 -0.401661
11.4557 25.7229 -0.401661
11.4557 25.7229 -0.401661
11.4557 25.9125 -0.238753
11.4557 25.9125 -0.238753
11.4557 26.2918 0.0870628
11.4557 26.2918 0.0870628
11.4683 27.0068 0.0220547
11.4683 27.0068 0.0220547
11.4683 27.0068 0.0220547
11.4809 27.3425 -0.36877
11.4809 27.3425 -0.36877
11.4809 27.5322 -0.205862
11.4809 27.5322 -0.205862
11.4935 28.4368 -0.107962
11.4935 28.4368 -0.107962
11.4935 28.4368 -0.107962
11.4935 28.4368 -0.107962
11.4935 28.4368 -0.107962
11.5061 29.1518 -0.172969
11.5061 29.1518 -0.172969
11.5061 29.1518 -0.172969
11.5061 29.3415 -0.0100613
11.5061 29.3415 -0.0100613
11.5187 30.0565 -0.0750704
11.5187 30.0565 -0.0750704
11.5313 30.3922 -0.465893
11.5313 30.3922 -0.465893
11.5313 30.3922 -0.465893
11.5313 30.5819 -0.302984
11.5313 30.5819 -0.302984
11.5313 30.9611 0.022831
11.5313 30.9611 0.022831
11.5439 31.4865 -0.205086
11.5439 31.4865 -0.205086
11.5439 31.4865 -0.205086
11.5565 32.2015 -0.270094
11.5565 32.2015 -0.270094
11.5691 32.7269 -0.49801
11.5691 32.7269 -0.49801
11.5691 33.1062 -0.172194
11.5691 33.1062 -0.172194
11.5691 33.1062 -0.172194
11.5691 33.1062 -0.172194
11.5691 33.1062 -0.172194
11.5817 33.6315 -0.400112
11.5817 33.6315 -0.400112
11.5817 33.6315 -0.400112
11.5817 34.0108 -0.074295
11.5817 34.0108 -0.074295
12.0762 34.4495 -0.201263
12.0762 34.4495 -0.201263
12.0762 34.4495 -0.201263
12.0888 34.7852 -0.592087
12.0888 34.7852 -0.592087
12.1014 35.6898 -0.494186
12.1014 35.6898 -0.494186
12.1014 35.6898 -0.494186
12.1014 36.0691 -0.168371
12.8369 36.2748 -0.407774
12.8369 36.2748 -0.407774
12.8369 36.2748 -0.407774
12.8369 36.2748 -0.407774
12.8495 36.8001 -0.635689
12.8495 36.8001 -0.635689
12.8621 37.5152 -0.700697
12.8621 37.5152 -0.700697
12.8621 37.7048 -0.537788
12.8621 37.7048 -0.537788
12.8621 37.7048 -0.537788
12.7416 38.1057 -0.237211
12.7416 38.1057 -0.237211
12.7416 38.1057 -0.237211
12.7416 38.1057 -0.237211
12.6337 39.0321 -0.164547
12.6337 39.0321 -0.164547
12.6337 39.0321 -0.164547
12.6337 39.2217 -0.00164032
12.6337 39.2217 -0.00164032
12.6463 39.5574 -0.392466
12.6463 39.5574 -0.392466
12.6463 39.5574 -0.392466
12.6589 40.2725 -0.45747
12.6589 40.2725 -0.45747
13.1409 40.3754 -0.193617
13.1409 40.3754 -0.193617
13.1409 40.3754 -0.193617
13.1409 40.7546 0.1322
13.1409 40.7546 0.1322
13.1535 41.0904 -0.258623
13.1535 41.0904 -0.258623
13.1535 41.28 -0.0957165
13.1535 41.28 -0.0957165
13.1535 41.28 -0.0957165
13.1661 41.995 -0.160725
13.1661 41.995 -0.160725
13.1786 42.5204 -0.388641
13.1786 42.5204 -0.388641
13.1786 42.8997 -0.0628262
13.1786 42.8997 -0.0628262
13.1912 43.425 -0.290739
13.1912 43.425 -0.290739
13.1912 43.425 -0.290739
13.1786 43.6582 0.588806
13.1786 43.6582 0.588806
13.1786 43.6582 0.588806
13.0833 44.1617 -0.380985
13.0959 44.6871 -0.608902
13.0833 44.7306 0.107738
13.0833 44.7306 0.107738
13.0833 44.9203 0.270647
13.0833 44.9203 0.270647
13.0833 44.9203 0.270647
13.0959 45.6353 0.205637
13.0959 45.6353 0.205637
13.0959 45.8249 0.368544
13.0959 45.8249 0.368544
13.0959 45.8249 0.368544
13.1085 46.5399 0.303537
13.1085 46.5399 0.303537
13.1085 46.7296 0.466444
13.1085 46.7296 0.466444
13.1211 47.0653 0.0756207
13.1211 47.0653 0.0756207
13.1211 47.0653 0.0756207
13.1337 47.7803 0.0106125
13.1337 47.7803 0.0106125
14.3512 48.0889 0.0350666
14.3512 47.8993 -0.127842
14.3638 48.4246 -0.355757
14.3638 48.4246 -0.355757
14.3512 48.4682 0.360882
14.3638 48.8039 -0.0299416
14.3638 48.8039 -0.0299416
14.3638 48.9935 0.132967
14.3638 48.9935 0.132967
14.3638 48.9935 0.132967
14.389 50.2339 -0.159956
14.389 50.2339 -0.159956
14.389 50.6132 0.165859
14.389 50.6132 0.165859
14.389 50.6132 0.165859
14.389 50.6132 0.165859
14.389 50.6132 0.165859
14.2685 50.8245 0.30353
15.004 51.0302 0.064127
15.004 51.4094 0.389942
15.004 51.4094 0.389942
15.004 51.4094 0.389942
15.0166 51.9348 0.162027
15.0166 51.9348 0.162027
15.0292 52.2706 -0.228796
15.0292 52.2706 -0.228796
15.0292 52.6498 0.0970192
15.0292 52.6498 0.0970192
15.0292 52.6498 0.0970192
15.0418 53.5545 0.19492
15.0418 53.5545 0.19492
15.0418 53.5545 0.19492
15.0418 53.5545 0.19492
15.0418 53.5545 0.19492
15.0544 54.0798 -0.0329971
15.0544 54.0798 -0.0329971
15.0544 54.4591 0.292818
15.0544 54.4591 0.292818
14.9465 55.0062 0.0396652
14.9465 55.0062 0.0396652
14.9465 55.0062 0.0396652
14.9591 55.3419 -0.35116
14.9591 55.3419 -0.35116
14.9591 55.7212 -0.0253448
14.9591 55.7212 -0.0253448
14.9591 55.7212 -0.0253448
14.9591 55.9108 0.137564
14.9591 55.9108 0.137564
14.9717 56.6258 0.0725574
14.9717 56.6258 0.0725574
14.9843 57.1512 -0.155357
15.5867 57.0428 -0.0291729
15.5867 57.0428 -0.0291729
15.5993 57.7578 -0.094183
15.5993 57.7578 -0.094183
15.5993 57.9474 0.0687256
15.5993 57.9474 0.0687256
15.5993 57.9474 0.0687256
15.5993 57.9474 0.0687256
15.5993 57.9474 0.0687256
15.6119 58.6625 0.00371742
15.6119 58.6625 0.00371742
15.6119 58.8521 0.166624
15.6119 58.8521 0.166624
15.6119 58.8521 0.166624
15.6245 59.5671 0.101616
15.6245 59.5671 0.101616
15.6371 59.9028 -0.289206
15.6371 59.9028 -0.289206
15.6371 59.9028 -0.289206
15.6371 60.4717 0.199518
15.6371 60.4717 0.199518
15.6497 60.9971 -0.0283985
15.6497 60.9971 -0.0283985
15.6497 61.3764 0.297417
16.1316 61.2897 0.398363
16.1442 61.6254 0.00753975
16.1442 61.6254 0.00753975
16.1442 61.6254 0.00753975
16.1568 62.1508 -0.220377
16.1568 62.1508 -0.220377
16.1568 62.5301 0.105438
16.1568 62.5301 0.105438
16.1568 62.5301 0.105438
16.1568 62.7197 0.268347
16.1568 62.7197 0.268347
16.1568 62.7197 0.268347
16.1568 62.7197 0.268347
16.1694 63.4347 0.203339
16.1694 63.4347 0.203339
16.1694 63.4347 0.203339
16.182 64.3393 0.301241
16.182 64.3393 0.301241
16.1946 64.6751 -0.0895824
16.1946 64.6751 -0.0895824
16.1946 64.6751 -0.0895824
16.1946 64.8647 0.0733261
16.1946 64.8647 0.0733261
16.1946 65.244 0.399139
16.1946 65.244 0.399139
16.2072 65.7694 0.171223
16.2072 65.7694 0.171223
16.2072 65.7694 0.171223
16.2198 66.1051 -0.219597
16.2198 66.1051 -0.219597
16.2198 66.4844 0.106216
16.2198 66.4844 0.106216
16.2324 67.0098 -0.1217
16.2324 67.0098 -0.1217
16.2324 67.389 0.204113
16.2324 67.389 0.204113
16.2324 67.389 0.204113
16.245 67.9144 -0.0237999
16.245 67.9144 -0.0237999
16.1371 68.6511 -0.114044
16.1371 68.6511 -0.114044
16.1371 68.6511 -0.114044
16.1371 68.8407 0.0488625
16.1371 68.8407 0.0488625
16.7521 69.0681 -0.215778
16.7521 69.0681 -0.215778
16.7521 69.0681 -0.215778
16.7647 69.7831 -0.280785
16.7647 69.7831 -0.280785
16.7647 69.9727 -0.117878
16.7647 69.9727 -0.117878
16.7647 70.352 0.207939
16.7647 70.352 0.207939
16.7647 70.352 0.207939
16.7773 70.6877 -0.182888
16.7773 70.6877 -0.182888
16.7899 71.5924 -0.0849876
16.7899 71.5924 -0.0849876
16.7899 71.782 0.077919
16.7899 71.782 0.077919
16.7899 71.782 0.077919
16.8025 72.497 0.0129166
16.8025 72.497 0.0129166
16.8025 72.497 0.0129166
16.8025 72.497 0.0129166
16.8025 72.497 0.0129166
16.8025 72.6866 0.175823
16.8025 72.6866 0.175823
16.8151 73.4017 0.110813
17.1765 73.3366 0.186523
17.1765 73.3366 0.186523
17.1891 74.0516 0.121513
17.1891 74.0516 0.121513
17.1891 74.0516 0.121513
17.1765 73.9055 0.675247
17.2017 74.577 -0.106396
17.2017 74.577 -0.106396
17.1891 74.4309 0.44733
17.2017 75.3355 0.545235
17.2017 75.3355 0.545235
17.2017 75.3355 0.545235
17.2017 75.3355 0.545235
17.2143 76.0506 0.480225
17.2143 76.0506 0.480225
17.2143 76.0506 0.480225
17.2143 76.2402 0.643131
17.2143 76.2402 0.643131
17.9625 77.1609 0.338722
17.9625 77.1609 0.338722
17.9625 77.1609 0.338722
17.8546 77.5183 -0.0773392
17.8546 77.5183 -0.0773392
17.8546 77.7079 0.0855675
17.8546 77.7079 0.0855675
17.8546 78.0872 0.411381
17.8546 78.0872 0.411381
17.8546 78.0872 0.411381
17.8671 78.6126 0.183472
17.8671 78.6126 0.183472
17.7467 79.0135 0.484047
17.7467 79.0135 0.484047
17.7467 79.0135 0.484047
17.7467 79.2031 0.646957
17.7467 79.2031 0.646957
18.3617 79.8098 0.70813
18.3617 79.8098 0.70813
18.3617 79.8098 0.70813
18.3617 79.8098 0.70813
18.3617 79.8098 0.70813
18.3617 79.9994 0.87104
18.3617 79.9994 0.87104
18.3617 79.9994 0.87104
18.3743 80.7144 0.80603
18.3743 80.7144 0.80603
18.3869 81.2398 0.578117
18.3869 81.2398 0.578117
18.3869 81.2398 0.578117
18.3869 81.2398 0.578117
18.3869 81.2398 0.578117
18.3995 82.1444 0.676014
18.3995 82.1444 0.676014
18.3995 82.5237 1.00183
19.0145 82.751 0.737194
19.0145 82.751 0.737194
19.0271 83.2764 0.509274
19.0271 83.2764 0.509274
19.0397 83.6122 0.11845
19.0397 83.6122 0.11845
19.0397 83.9914 0.444267
19.0397 83.9914 0.444267
19.0397 83.9914 0.444267
19.0523 84.5168 0.216351
19.0523 84.5168 0.216351
19.0523 84.8961 0.542168
19.0523 84.8961 0.542168
19.0523 84.8961 0.542168
19.0523 84.8961 0.542168
19.0523 84.8961 0.542168
19.0775 86.1364 0.249245
19.0775 86.1364 0.249245
19.0775 86.3261 0.412151
19.0775 86.3261 0.412151
19.0775 86.3261 0.412151
19.0901 86.6618 0.0213242
19.0901 86.6618 0.0213242
19.1027 87.3768 -0.0436783
19.1027 87.3768 -0.0436783
19.1027 87.7561 0.282135
20.1871 87.561 0.509266
20.1871 87.561 0.509266
20.1871 87.9402 0.835083
20.1871 87.9402 0.835083
20.1871 87.9402 0.835083
20.1871 87.9402 0.835083
20.1871 87.9402 0.835083
20.1871 88.3195 1.1609
20.1871 88.3195 1.1609
20.1997 88.8449 0.932983
20.1997 88.8449 0.932983
20.2123 89.5599 0.867977
20.2123 89.5599 0.867977
20.2123 89.5599 0.867977
20.2249 90.0853 0.64006
20.2249 90.0853 0.64006
20.2249 90.4646 0.965874
20.2249 90.4646 0.965874
20.2249 90.4646 0.965874
20.2249 90.6542 1.12878
20.2249 90.6542 1.12878
20.2374 90.9899 0.737961
20.2374 90.9899 0.737961
20.2374 91.3692 1.06377
20.7194 91.2825 1.16472
20.7194 91.2825 1.16472
20.732 91.8078 0.936806
20.732 91.8078 0.936806
20.7446 92.5229 0.871799
20.7446 92.5229 0.871799
20.7446 92.7125 1.03471
20.7446 92.7125 1.03471
20.7446 92.7125 1.03471
20.7572 93.4275 0.969696
20.1673 93.682 0.289783
20.1673 93.682 0.289783
20.7572 93.6171 1.13261
20.7572 93.6171 1.13261
20.7824 94.4783 0.513866
20.7824 94.4783 0.513866
20.7824 94.6679 0.676773
20.7824 94.4783 0.513866
20.7824 94.4783 0.513866
20.7824 94.6679 0.676773
20.7824 94.8575 0.83968
20.795 95.3829 0.611767
20.795 95.3829 0.611767
20.795 95.3829 0.611767
20.795 95.7622 0.93758
20.795 95.7622 0.93758
21.1564 95.6971 1.01329
21.1564 95.6971 1.01329
21.169 96.6018 1.11119
21.169 96.6018 1.11119
21.1816 97.3168 1.04618
21.1816 97.3168 1.04618
21.1816 97.3168 1.04618
21.1816 97.3168 1.04618
21.1816 97.3168 1.04618
21.1816 97.5064 1.20909
21.1816 97.5064 1.20909
21.1816 97.5064 1.20909
21.1942 98.2214 1.14408
21.1942 98.2214 1.14408
21.2068 98.7468 0.916168
21.2068 98.7468 0.916168
21.2068 98.7468 0.916168
21.2068 98.7468 0.916168
21.2068 98.7468 0.916168
21.2194 99.4618 0.851158
21.8218 99.3534 0.977345
21.8218 99.9223 1.46607
21.8218 99.9223 1.46607
21.8218 99.9223 1.46607
21.8344 100.258 1.07524
21.8344 100.258 1.07524
21.8344 100.827 1.56397
21.8344 100.827 1.56397
21.8344 101.017 1.72688
21.8344 101.017 1.72688
21.8344 101.017 1.72688
21.847 101.732 1.66187
21.847 101.732 1.66187
21.8596 102.067 1.27105
21.8596 102.067 1.27105
21.8596 102.067 1.27105
21.8596 102.257 1.43395
21.8596 102.257 1.43395
21.7517 102.994 1.34371
21.7517 102.994 1.34371
21.7517 103.183 1.50661
21.7517 103.183 1.50661
21.7517 103.183 1.50661
21.7643 103.898 1.4416
21.7643 103.898 1.4416
21.7769 104.424 1.21369
21.7769 104.424 1.21369
21.7769 104.424 1.21369
21.7769 104.803 1.53951
21.7769 104.803 1.53951
21.7895 105.328 1.31159
21.7895 105.328 1.31159
21.7895 105.328 1.31159
21.7895 105.328 1.31159
21.7895 105.328 1.31159
21.7895 105.708 1.63741
21.7895 105.708 1.63741
22.5376 106.439 1.17009
22.5376 106.439 1.17009
22.5376 106.818 1.4959
22.5376 106.818 1.4959
22.5376 106.818 1.4959
22.5502 107.154 1.10508
22.5502 107.154 1.10508
22.4297 107.744 1.56857
22.4297 107.744 1.56857
22.4297 107.744 1.56857
22.4297 107.934 1.73147
22.4297 107.934 1.73147
22.4423 108.27 1.34065
22.4423 108.27 1.34065
22.4423 108.649 1.66647
22.4423 108.649 1.66647
22.4423 108.649 1.66647
22.4549 109.174 1.43855
22.4549 109.174 1.43855
22.347 109.911 1.3483
22.347 109.911 1.3483
22.347 109.911 1.3483
22.347 109.911 1.3483
22.347 109.911 1.3483
22.347 110.101 1.51121
22.347 110.101 1.51121
22.3596 111.005 1.60911
22.3596 111.005 1.60911
22.3596 111.005 1.60911
22.3722 111.341 1.21829
22.3722 111.341 1.21829
22.9872 111.948 1.27946
22.9872 111.948 1.27946
22.9872 112.137 1.44237
22.9872 112.137 1.44237
22.9872 112.137 1.44237
22.9872 112.516 1.76819
22.9872 112.516 1.76819
22.9872 112.706 1.9311
22.9872 112.516 1.76819
22.9872 112.516 1.76819
22.9998 113.042 1.54027
22.9998 113.042 1.54027
22.9998 113.611 2.029
22.9998 113.611 2.029
22.9998 113.99 2.35481
22.9998 113.99 2.35481
22.9998 113.99 2.35481
23.025 114.851 1.73607
23.025 114.851 1.73607
23.025 115.23 2.06189
23.025 115.23 2.06189
23.025 115.23 2.06189
23.025 115.42 2.2248
23.025 115.42 2.2248
23.0376 116.135 2.15979
23.0376 116.135 2.15979
23.0376 116.135 2.15979
23.0376 116.135 2.15979
23.0376 116.135 2.15979
23.0502 116.66 1.93187
23.0502 116.66 1.93187
22.9423 117.397 1.84163
22.9423 117.397 1.84163
22.9423 117.587 2.00454
22.9423 117.587 2.00454
22.9423 117.587 2.00454
22.9549 118.302 1.93953
23.6904 118.507 1.70012
23.6904 118.697 1.86303
23.6904 118.697 1.86303
23.6904 118.697 1.86303
23.703 119.412 1.79802
23.703 119.412 1.79802
23.7156 119.748 1.4072
23.7156 119.748 1.4072
23.7156 119.937 1.57011
23.7156 119.937 1.57011
23.7156 119.937 1.57011
23.5951 120.338 1.87069
23.5951 120.338 1.87069
23.5951 120.528 2.03359
23.5951 120.528 2.03359
23.5951 120.528 2.03359
23.5951 120.528 2.03359
23.5951 120.528 2.03359
23.6077 121.243 1.96859
23.6077 121.243 1.96859
23.6203 122.148 2.06649
23.6203 122.148 2.06649
23.6203 122.148 2.06649
23.6329 122.483 1.67566
24.1149 122.397 1.77661
24.1149 122.586 1.93952
24.1149 122.586 1.93952
24.1149 122.586 1.93952
24.1149 122.966 2.26534
24.1149 122.966 2.26534
24.1274 123.491 2.03742
24.1274 123.491 2.03742
24.1274 123.491 2.03742
24.1274 123.491 2.03742
24.1274 123.491 2.03742
24.1274 124.06 2.52614
24.1274 124.06 2.52614
24.14 124.775 2.46113
24.14 124.775 2.46113
24.14 124.775 2.46113
24.1526 125.3 2.23322
24.1526 125.3 2.23322
24.1526 125.68 2.55903
24.1526 125.68 2.55903
25.2496 125.82 2.39534
25.2496 126.01 2.55825
25.2496 126.01 2.55825
25.2622 126.725 2.49324
25.2622 126.725 2.49324
25.2748 127.25 2.26533
25.2748 127.25 2.26533
25.2748 127.25 2.26533
25.2748 127.25 2.26533
25.2748 127.25 2.26533
25.2874 127.965 2.20032
25.2874 127.965 2.20032
25.2874 128.155 2.36322
25.2874 128.155 2.36322
25.2874 128.155 2.36322
25.2874 128.534 2.68904
25.2874 128.534 2.68904
25.3126 129.395 2.0703
25.3126 129.395 2.0703
25.3126 129.395 2.0703
25.3126 129.775 2.39612
25.3126 129.775 2.39612
25.3252 130.3 2.1682
25.3252 130.3 2.1682
25.3252 130.3 2.1682
25.3252 130.3 2.1682
25.3252 130.3 2.1682
25.3252 130.679 2.49402
25.3252 130.679 2.49402
25.8197 131.118 2.36705
25.8197 131.118 2.36705
25.8197 131.118 2.36705
25.8197 131.497 2.69287
25.8197 131.497 2.69287
25.8323 131.833 2.30204
25.8323 131.833 2.30204
25.8449 132.737 2.39994
25.8449 132.737 2.39994
25.8449 132.737 2.39994
25.8449 132.927 2.56284
25.8449 132.927 2.56284
25.8575 133.263 2.17202
25.8575 133.263 2.17202
25.8575 133.263 2.17202
25.8449 133.496 3.05157
25.8449 133.496 3.05157
25.8575 134.211 2.98656
25.8575 134.211 2.98656
25.8701 134.736 2.75865
25.8827 134.882 2.20493
25.8701 134.736 2.75865
25.8701 134.736 2.75865
25.8701 134.736 2.75865
25.8827 135.451 2.69364
25.8827 135.451 2.69364
26.6182 135.657 2.45423
26.6182 135.847 2.61714
26.6182 135.847 2.61714
26.5103 136.583 2.52689
26.5103 136.583 2.52689
26.5103 136.583 2.52689
26.3898 136.795 2.66457
26.3898 136.795 2.66457
26.3898 137.174 2.99038
26.3898 137.174 2.99038
26.4024 137.699 2.76247
26.4024 137.699 2.76247
26.4024 137.699 2.76247
26.415 138.414 2.69746
9.15014 2.34384 -0.810103
9.15014 2.34384 -0.810103
9.15014 2.34384 -0.810103
9.16274 3.24849 -0.712203
9.16274 3.24849 -0.712203
9.17533 3.58423 -1.10303
9.17533 3.58423 -1.10303
9.17533 3.77386 -0.940119
9.17533 3.77386 -0.940119
9.17533 3.77386 -0.940119
9.17533 4.15313 -0.614303
9.17533 4.15313 -0.614303
9.17533 4.34277 -0.451396
9.17533 4.34277 -0.451396
9.17533 4.34277 -0.451396
9.18792 5.05778 -0.516404
9.18792 5.05778 -0.516404
9.20051 5.39352 -0.907228
9.20051 5.39352 -0.907228
9.20051 5.58315 -0.74432
9.20051 5.58315 -0.74432
9.20051 5.58315 -0.74432
9.2131 6.4878 -0.64642
9.2131 6.4878 -0.64642
9.2131 6.4878 -0.64642
9.2131 6.86707 -0.320604
9.2131 7.0567 -0.157696
9.2131 7.0567 -0.157696
9.2131 7.0567 -0.157696
9.1052 7.79339 -0.247941
9.1052 7.79339 -0.247941
9.1052 7.98302 -0.0850339
9.70766 7.87462 0.041151
9.70766 7.87462 0.041151
9.72025 8.21037 -0.349673
9.72025 8.21037 -0.349673
9.73284 8.92538 -0.414681
9.73284 8.92538 -0.414681
9.73284 8.92538 -0.414681
9.73284 9.11501 -0.251773
9.73284 9.11501 -0.251773
9.73284 9.49428 0.0740428
9.73284 9.49428 0.0740428
9.73284 9.49428 0.0740428
9.74543 10.0197 -0.153873
9.74543 10.0197 -0.153873
9.75802 10.7347 -0.218881
10.3731 10.962 -0.48352
10.3731 10.962 -0.48352
10.3857 11.4874 -0.711436
10.3857 11.4874 -0.711436
10.3857 11.4874 -0.711436
10.3857 11.4874 -0.711436
10.3857 11.8667 -0.385621
10.3857 11.8667 -0.385621
10.3983 12.392 -0.613537
10.3983 12.392 -0.613537
10.3983 12.392 -0.613537
10.3983 12.7713 -0.287721
10.3857 12.6252 0.266011
10.4108 13.107 -0.678544
10.4108 13.107 -0.678544
10.4108 13.107 -0.678544
10.2904 13.6976 -0.215058
10.2904 13.6976 -0.215058
10.2904 13.8873 -0.0521498
10.2904 13.8873 -0.0521498
10.2904 13.8873 -0.0521498
10.2904 13.8873 -0.0521498
10.2904 13.8873 -0.0521498
10.3029 14.6023 -0.117158
10.3029 14.6023 -0.117158
10.3155 15.1276 -0.345074
10.3155 15.1276 -0.345074
10.3155 15.5069 -0.0192585
10.3155 15.5069 -0.0192585
10.3155 15.5069 -0.0192585
10.3281 16.0323 -0.247175
10.3281 16.0323 -0.247175
10.3281 16.0323 -0.247175
10.3281 16.0323 -0.247175
10.3281 16.0323 -0.247175
10.3281 16.4116 0.0786409
10.3281 16.4116 0.0786409
10.3533 17.6519 -0.214283
10.3533 17.6519 -0.214283
10.3533 17.6519 -0.214283
10.3533 17.6519 -0.214283
10.3533 17.6519 -0.214283
10.3659 18.1773 -0.442198
10.3659 18.1773 -0.442198
10.3785 18.8923 -0.507207
10.3785 18.8923 -0.507207
10.8605 18.9952 -0.243352
10.8605 18.9952 -0.243352
10.8605 18.9952 -0.243352
10.8605 18.9952 -0.243352
10.8605 18.9952 -0.243352
10.873 19.7103 -0.308358
10.873 19.7103 -0.308358
10.873 19.8999 -0.145451
10.873 19.8999 -0.145451
10.873 19.8999 -0.145451
10.8856 20.6149 -0.210459
10.8856 20.6149 -0.210459
10.8982 21.1403 -0.438375
10.8982 21.1403 -0.438375
10.8982 21.5195 -0.11256
10.8982 21.5195 -0.11256
10.8982 21.5195 -0.11256
10.8982 21.7092 0.0503473
10.8982 21.7092 0.0503473
10.9108 22.0449 -0.340476
10.9108 22.0449 -0.340476
10.9108 22.0449 -0.340476
10.9234 22.7599 -0.405484
10.9234 22.7599 -0.405484
10.9234 22.9496 -0.242577
10.9234 22.9496 -0.242577
10.936 23.6646 -0.307584
10.936 23.6646 -0.307584
10.936 23.6646 -0.307584
10.936 23.6646 -0.307584
10.936 23.6646 -0.307584
10.9486 24.5692 -0.209685
10.9486 24.5692 -0.209685
10.9612 25.0946 -0.4376
11.5762 25.3219 -0.702239
11.5762 25.3219 -0.702239
11.5762 25.3219 -0.702239
11.5762 25.3219 -0.702239
11.4557 25.7229 -0.401661
11.4557 25.7229 -0.401661
11.4557 25.7229 -0.401661
11.4557 25.9125 -0.238753
11.4557 25.9125 -0.238753
11.4557 26.2918 0.0870628
11.4557 26.2918 0.0870628
11.4683 27.0068 0.0220547
11.4683 27.0068 0.0220547
11.4683 27.0068 0.0220547
11.4809 27.3425 -0.36877
11.4809 27.3425 -0.36877
11.4809 27.5322 -0.205862
11.4809 27.5322 -0.205862
11.4935 28.4368 -0.107962
11.4935 28.4368 -0.107962
11.4935 28.4368 -0.107962
11.4935 28.4368 -0.107962
11.4935 28.4368 -0.107962
11.5061 29.1518 -0.172969
11.5061 29.1518 -0.172969
11.5061 29.1518 -0.172969
11.5061 29.3415 -0.0100613
11.5061 29.3415 -0.0100613
11.5187 30.0565 -0.0750704
11.5187 30.0565 -0.0750704
11.5313 30.3922 -0.465893
11.5313 30.3922 -0.465893
11.5313 30.3922 -0.465893
11.5313 30.5819 -0.302984
11.5313 30.5819 -0.302984
11.5313 30.9611 0.022831
11.5313 30.9611 0.022831
11.5439 31.4865 -0.205086
11.5439 31.4865 -0.205086
11.5439 31.4865 -0.205086
11.5565 32.2015 -0.270094
11.5565 32.2015 -0.270094
11.5691 32.7269 -0.49801
11.5691 32.7269 -0.49801
11.5691 33.1062 -0.172194
11.5691 33.1062 -0.172194
11.5691 33.1062 -0.172194
11.5691 33.1062 -0.172194
11.5691 33.1062 -0.172194
11.5817 33.6315 -0.400112
11.5817 33.6315 -0.400112
11.5817 33.6315 -0.400112
11.5817 34.0108 -0.074295
11.5817 34.0108 -0.074295
12.0762 34.4495 -0.201263
12.0762 34.4495 -0.201263
12.0762 34.4495 -0.201263
12.0888 34.7852 -0.592087
12.0888 34.7852 -0.592087
12.1014 35.6898 -0.494186
12.1014 35.6898 -0.494186
12.1014 35.6898 -0.494186
12.1014 36.0691 -0.168371
12.8369 36.2748 -0.407774
12.8369 36.2748 -0.407774
12.8369 36.2748 -0.407774
12.8369 36.2748 -0.407774
12.8495 36.8001 -0.635689
12.8495 36.8001 -0.635689
12.8621 37.5152 -0.700697
12.8621 37.5152 -0.700697
12.8621 37.7048 -0.537788
12.8621 37.7048 -0.537788
12.8621 37.7048 -0.537788
12.7416 38.1057 -0.237211
12.7416 38.1057 -0.237211
12.7416 38.1057 -0.237211
12.7416 38.1057 -0.237211
12.6337 39.0321 -0.164547
12.6337 39.0321 -0.164547
12.6337 39.0321 -0.164547
12.6337 39.2217 -0.00164032
12.6337 39.2217 -0.00164032
12.6463 39.5574 -0.392466
12.6463 39.5574 -0.392466
12.6463 39.5574 -0.392466
12.6589 40.2725 -0.45747
12.6589 40.2725 -0.45747
13.1409 40.3754 -0.193617
13.1409 40.3754 -0.193617
13.1409 40.3754 -0.193617
13.1409 40.7546 0.1322
13.1409 40.7546 0.1322
13.1535 41.0904 -0.258623
13.1535 41.0904 -0.258623
13.1535 41.28 -0.0957165
13.1535 41.28 -0.0957165
13.1535 41.28 -0.0957165
13.1661 41.995 -0.160725
13.1661 41.995 -0.160725
13.1786 42.5204 -0.388641
13.1786 42.5204 -0.388641
13.1786 42.8997 -0.0628262
13.1786 42.8997 -0.0628262
13.1912 43.425 -0.290739
13.1912 43.425 -0.290739
13.1912 43.425 -0.290739
13.1786 43.6582 0.588806
13.1786 43.6582 0.588806
13.1786 43.6582 0.588806
13.0833 44.1617 -0.380985
13.0959 44.6871 -0.608902
13.0833 44.7306 0.107738
13.0833 44.7306 0.107738
13.0833 44.9203 0.270647
13.0833 44.9203 0.270647
13.0833 44.9203 0.270647
13.0959 45.6353 0.205637
13.0959 45.6353 0.205637
13.0959 45.8249 0.368544
13.0959 45.8249 0.368544
13.0959 45.8249 0.368544
13.1085 46.5399 0.303537
13.1085 46.5399 0.303537
13.1085 46.7296 0.466444
13.1085 46.7296 0.466444
13.1211 47.0653 0.0756207
13.1211 47.0653 0.0756207
13.1211 47.0653 0.0756207
13.1337 47.7803 0.0106125
13.1337 47.7803 0.0106125
14.3512 48.0889 0.0350666
14.3512 47.8993 -0.127842
14.3638 48.4246 -0.355757
14.3638 48.4246 -0.355757
14.3512 48.4682 0.360882
14.3638 48.8039 -0.0299416
14.3638 48.8039 -0.0299416
14.3638 48.9935 0.132967
14.3638 48.9935 0.132967
14.3638 48.9935 0.132967
14.389 50.2339 -0.159956
14.389 50.2339 -0.159956
14.389 50.6132 0.165859
14.389 50.6132 0.165859
14.389 50.6132 0.165859
14.389 50.6132 0.165859
14.389 50.6132 0.165859
14.2685 50.8245 0.30353
15.004 51.0302 0.064127
15.004 51.4094 0.389942
15.004 51.4094 0.389942
15.004 51.4094 0.389942
15.0166 51.9348 0.162027
15.0166 51.9348 0.162027
15.0292 52.2706 -0.228796
15.0292 52.2706 -0.228796
15.0292 52.6498 0.0970192
15.0292 52.6498 0.0970192
15.0292 52.6498 0.0970192
15.0418 53.5545 0.19492
15.0418 53.5545 0.19492
15.0418 53.5545 0.19492
15.0418 53.5545 0.19492
15.0418 53.5545 0.19492
15.0544 54.0798 -0.0329971
15.0544 54.0798 -0.0329971
15.0544 54.4591 0.292818
15.0544 54.4591 0.292818
14.9465 55.0062 0.0396652
14.9465 55.0062 0.0396652
14.9465 55.0062 0.0396652
14.9591 55.3419 -0.35116
14.9591 55.3419 -0.35116
14.9591 55.7212 -0.0253448
14.9591 55.7212 -0.0253448
14.9591 55.7212 -0.0253448
14.9591 55.9108 0.137564
14.9591 55.9108 0.137564
14.9717 56.6258 0.0725574
14.9717 56.6258 0.0725574
14.9843 57.1512 -0.155357
15.5867 57.0428 -0.0291729
15.5867 57.0428 -0.0291729
15.5993 57.7578 -0.094183
15.5993 57.7578 -0.094183
15.5993 57.9474 0.0687256
15.5993 57.9474 0.0687256
15.5993 57.9474 0.0687256
15.5993 57.9474 0.0687256
15.5993 57.9474 0.0687256
15.6119 58.6625 0.00371742
15.6119 58.6625 0.00371742
15.6119 58.8521 0.166624
15.6119 58.8521 0.166624
15.6119 58.8521 0.166624
15.6245 59.5671 0.101616
15.6245 59.5671 0.101616
15.6371 59.9028 -0.289206
15.6371 59.9028 -0.289206
15.6371 59.9028 -0.289206
15.6371 60.4717 0.199518
15.6371 60.4717 0.199518
15.6497 60.9971 -0.0283985
15.6497 60.9971 -0.0283985
15.6497 61.3764 0.297417
16.1316 61.2897 0.398363
16.1442 61.6254 0.00753975
16.1442 61.6254 0.00753975
16.1442 61.6254 0.00753975
16.1568 62.1508 -0.220377
16.1568 62.1508 -0.220377
16.1568 62.5301 0.105438
16.1568 62.5301 0.105438
16.1568 62.5301 0.105438
16.1568 62.7197 0.268347
16.1568 62.7197 0.268347
16.1568 62.7197 0.268347
16.1568 62.7197 0.268347
16.1694 63.4347 0.203339
16.1694 63.4347 0.203339
16.1694 63.4347 0.203339
16.182 64.3393 0.301241
16.182 64.3393 0.301241
16.1946 64.6751 -0.0895824
16.1946 64.6751 -0.0895824
16.1946 64.6751 -0.0895824
16.1946 64.8647 0.0733261
16.1946 64.8647 0.0733261
16.1946 65.244 0.399139
16.1946 65.244 0.399139
16.2072 65.7694 0.171223
16.2072 65.7694 0.171223
16.2072 65.7694 0.171223
16.2198 66.1051 -0.219597
16.2198 66.1051 -0.219597
16.2198 66.4844 0.106216
16.2198 66.4844 0.106216
16.2324 67.0098 -0.1217
16.2324 67.0098 -0.1217
16.2324 67.389 0.204113
16.2324 67.389 0.204113
16.2324 67.389 0.204113
16.245 67.9144 -0.0237999
16.245 67.9144 -0.0237999
16.1371 68.6511 -0.114044
16.1371 68.6511 -0.114044
16.1371 68.6511 -0.114044
16.1371 68.8407 0.0488625
16.1371 68.8407 0.0488625
16.7521 69.0681 -0.215778
16.7521 69.0681 -0.215778
16.7521 69.0681 -0.215778
16.7647 69.7831 -0.280785
16.7647 69.7831 -0.280785
16.7647 69.9727 -0.117878
16.7647 69.9727 -0.117878
16.7647 70.352 0.207939
16.7647 70.352 0.207939
16.7647 70.352 0.207939
16.7773 70.6877 -0.182888
16.7773 70.6877 -0.182888
16.7899 71.5924 -0.0849876
16.7899 71.5924 -0.0849876
16.7899 71.782 0.077919
16.7899 71.782 0.077919
16.7899 71.782 0.077919
16.8025 72.497 0.0129166
16.8025 72.497 0.0129166
16.8025 72.497 0.0129166
16.8025 72.497 0.0129166
16.8025 72.497 0.0129166
16.8025 72.6866 0.175823
16.8025 72.6866 0.175823
16.8151 73.4017 0.110813
17.1765 73.3366 0.186523
17.1765 73.3366 0.186523
17.1891 74.0516 0.121513
17.1891 74.0516 0.121513
17.1891 74.0516 0.121513
17.1765 73.9055 0.675247
17.2017 74.577 -0.106396
17.2017 74.577 -0.106396
17.1891 74.4309 0.44733
17.2017 75.3355 0.545235
17.2017 75.3355 0.545235
17.2017 75.3355 0.545235
17.2017 75.3355 0.545235
17.2143 76.0506 0.480225
17.2143 76.0506 0.480225
17.2143 76.0506 0.480225
17.2143 76.2402 0.643131
17.2143 76.2402 0.643131
17.9625 77.1609 0.338722
17.9625 77.1609 0.338722
17.9625 77.1609 0.338722
17.8546 77.5183 -0.0773392
17.8546 77.5183 -0.0773392
17.8546 77.7079 0.0855675
17.8546 77.7079 0.0855675
17.8546 78.0872 0.411381
17.8546 78.0872 0.411381
17.8546 78.0872 0.411381
17.8671 78.6126 0.183472
17.8671 78.6126 0.183472
17.7467 79.0135 0.484047
17.7467 79.0135 0.484047
17.7467 79.0135 0.484047
17.7467 79.2031 0.646957
17.7467 79.2031 0.646957
18.3617 79.8098 0.70813
18.3617 79.8098 0.70813
18.3617 79.8098 0.70813
18.3617 79.8098 0.70813
18.3617 79.8098 0.70813
18.3617 79.9994 0.87104
18.3617 79.9994 0.87104
18.3617 79.9994 0.87104
18.3743 80.7144 0.80603
18.3743 80.7144 0.80603
18.3869 81.2398 0.578117
18.3869 81.2398 0.578117
18.3869 81.2398 0.578117
18.3869 81.2398 0.578117
18.3869 81.2398 0.578117
18.3995 82.1444 0.676014
18.3995 82.1444 0.676014
18.3995 82.5237 1.00183
19.0145 82.751 0.737194
19.0145 82.751 0.737194
19.0271 83.2764 0.509274
19.0271 83.2764 0.509274
19.0397 83.6122 0.11845
19.0397 83.6122 0.11845
19.0397 83.9914 0.444267
19.0397 83.9914 0.444267
19.0397 83.9914 0.444267
19.0523 84.5168 0.216351
19.0523 84.5168 0.216351
19.0523 84.8961 0.542168
19.0523 84.8961 0.542168
19.0523 84.8961 0.542168
19.0523 84.8961 0.542168
19.0523 84.8961 0.542168
19.0775 86.1364 0.249245
19.0775 86.1364 0.249245
19.0775 86.3261 0.412151
19.0775 86.3261 0.412151
19.0775 86.3261 0.412151
19.0901 86.6618 0.0213242
19.0901 86.6618 0.0213242
19.1027 87.3768 -0.0436783
19.1027 87.3768 -0.0436783
19.1027 87.7561 0.282135
20.1871 87.561 0.509266
20.1871 87.561 0.509266
20.1871 87.9402 0.835083
20.1871 87.9402 0.835083
20.1871 87.9402 0.835083
20.1871 87.9402 0.835083
20.1871 87.9402 0.835083
20.1871 88.3195 1.1609
20.1871 88.3195 1.1609
20.1997 88.8449 0.932983
20.1997 88.8449 0.932983
20.2123 89.5599 0.867977
20.2123 89.5599 0.867977
20.2123 89.5599 0.867977
20.2249 90.0853 0.64006
20.2249 90.0853 0.64006
20.2249 90.4646 0.965874
20.2249 90.4646 0.965874
20.2249 90.4646 0.965874
20.2249 90.6542 1.12878
20.2249 90.6542 1.12878
20.2374 90.9899 0.737961
20.2374 90.9899 0.737961
20.2374 91.3692 1.06377
20.7194 91.2825 1.16472
20.7194 91.2825 1.16472
20.732 91.8078 0.936806
20.732 91.8078 0.936806
20.7446 92.5229 0.871799
20.7446 92.5229 0.871799
20.7446 92.7125 1.03471
20.7446 92.7125 1.03471
20.7446 92.7125 1.03471
20.7572 93.4275 0.969696
20.1673 93.682 0.289783
20.1673 93.682 0.289783
20.7572 93.6171 1.13261
20.7572 93.6171 1.13261
20.7824 94.4783 0.513866
20.7824 94.4783 0.513866
20.7824 94.6679 0.676773
20.7824 94.4783 0.513866
20.7824 94.4783 0.513866
20.7824 94.6679 0.676773
20.7824 94.8575 0.83968
20.795 95.3829 0.611767
20.795 95.3829 0.611767
20.795 95.3829 0.611767
20.795 95.7622 0.93758
20.795 95.7622 0.93758
21.1564 95.6971 1.01329
21.1564 95.6971 1.01329
21.169 96.6018 1.11119
21.169 96.6018 1.11119
21.1816 97.3168 1.04618
21.1816 97.3168 1.04618
21.1816 97.3168 1.04618
21.1816 97.3168 1.04618
21.1816 97.3168 1.04618
21.1816 97.5064 1.20909
21.1816 97.5064 1.20909
21.1816 97.5064 1.20909
21.1942 98.2214 1.14408
21.1942 98.2214 1.14408
21.2068 98.7468 0.916168
21.2068 98.7468 0.916168
21.2068 98.7468 0.916168
21.2068 98.7468 0.916168
21.2068 98.7468 0.916168
21.2194 99.4618 0.851158
21.8218 99.3534 0.977345
21.8218 99.9223 1.46607
21.8218 99.9223 1.46607
21.8218 99.9223 1.46607
21.8344 100.258 1.07524
21.8344 100.258 1.07524
21.8344 100.827 1.56397
21.8344 100.827 1.56397
21.8344 101.017 1.72688
21.8344 101.017 1.72688
21.8344 101.017 1.72688
21.847 101.732 1.66187
21.847 101.732 1.66187
21.8596 102.067 1.27105
21.8596 102.067 1.27105
21.8596 102.067 1.27105
21.8596 102.257 1.43395
21.8596 102.257 1.43395
21.7517 102.994 1.34371
21.7517 102.994 1.34371
21.7517 103.183 1.50661
21.7517 103.183 1.50661
21.7517 103.183 1.50661
21.7643 103.898 1.4416
21.7643 103.898 1.4416
21.7769 104.424 1.21369
21.7769 104.424 1.21369
21.7769 104.424 1.21369
21.7769 104.803 1.53951
21.7769 104.803 1.53951
21.7895 105.328 1.31159
21.7895 105.328 1.31159
21.7895 105.328 1.31159
21.7895 105.328 1.31159
21.7895 105.328 1.31159
21.7895 105.708 1.63741
21.7895 105.708 1.63741
22.5376 106.439 1.17009
22.5376 106.439 1.17009
22.5376 106.818 1.4959
22.5376 106.818 1.4959
22.5376 106.818 1.4959
22.5502 107.154 1.10508
22.5502 107.154 1.10508
22.4297 107.744 1.56857
22.4297 107.744 1.56857
22.4297 107.744 1.56857
22.4297 107.934 1.73147
22.4297 107.934 1.73147
22.4423 108.27 1.34065
22.4423 108.27 1.34065
22.4423 108.649 1.66647
22.4423 108.649 1.66647
22.4423 108.649 1.66647
22.4549 109.174 1.43855
22.4549 109.174 1.43855
22.347 109.911 1.3483
22.347 109.911 1.3483
22.347 109.911 1.3483
22.347 109.911 1.3483
22.347 109.911 1.3483
22.347 110.101 1.51121
22.347 110.101 1.51121
22.3596 111.005 1.60911
22.3596 111.005 1.60911
22.3596 111.005 1.60911
22.3722 111.341 1.21829
22.3722 111.341 1.21829
22.9872 111.948 1.27946
22.9872 111.948 1.27946
22.9872 112.137 1.44237
22.9872 112.137 1.44237
22.9872 112.137 1.44237
22.9872 112.516 1.76819
22.9872 112.516 1.76819
22.9872 112.706 1.9311
22.9872 112.516 1.76819
22.9872 112.516 1.76819
22.9998 113.042 1.54027
22.9998 113.042 1.54027
22.9998 113.611 2.029
22.9998 113.611 2.029
22.9998 113.99 2.35481
22.9998 113.99 2.35481
22.9998 113.99 2.35481
23.025 114.851 1.73607
23.025 114.851 1.73607
23.025 115.23 2.06189
23.025 115.23 2.06189
23.025 115.23 2.06189
23.025 115.42 2.2248
23.025 115.42 2.2248
23.0376 116.135 2.15979
23.0376 116.135 2.15979
23.0376 116.135 2.15979
23.0376 116.135 2.15979
23.0376 116.135 2.15979
23.0502 116.66 1.93187
23.0502 116.66 1.93187
22.9423 117.397 1.84163
22.9423 117.397 1.84163
22.9423 117.587 2.00454
22.9423 117.587 2.00454
22.9423 117.587 2.00454
22.9549 118.302 1.93953
23.6904 118.507 1.70012
23.6904 118.697 1.86303
23.6904 118.697 1.86303
23.6904 118.697 1.86303
23.703 119.412 1.79802
23.703 119.412 1.79802
23.7156 119.748 1.4072
23.7156 119.748 1.4072
23.7156 119.937 1.57011
23.7156 119.937 1.57011
23.7156 119.937 1.57011
23.5951 120.338 1.87069
23.5951 120.338 1.87069
23.5951 120.528 2.03359
23.5951 120.528 2.03359
23.5951 120.528 2.03359
23.5951 120.528 2.03359
23.5951 120.528 2.03359
23.6077 121.243 1.96859
23.6077 121.243 1.96859
23.6203 122.148 2.06649
23.6203 122.148 2.06649
23.6203 122.148 2.06649
23.6329 122.483 1.67566
24.1149 122.397 1.77661
24.1149 122.586 1.93952
24.1149 122.586 1.93952
24.1149 122.586 1.93952
24.1149 122.966 2.26534
24.1149 122.966 2.26534
24.1274 123.491 2.03742
24.1274 123.491 2.03742
24.1274 123.491 2.03742
24.1274 123.491 2.03742
24.1274 123.491 2.03742
24.1274 124.06 2.52614
24.1274 124.06 2.52614
24.14 124.775 2.46113
24.14 124.775 2.46113
24.14 124.775 2.46113
24.1526 125.3 2.23322
24.1526 125.3 2.23322
24.1526 125.68 2.55903
24.1526 125.68 2.55903
25.2496 125.82 2.39534
25.2496 126.01 2.55825
25.2496 126.01 2.55825
25.2622 126.725 2.49324
25.2622 126.725 2.49324
25.2748 127.25 2.26533
25.2748 127.25 2.26533
25.2748 127.25 2.26533
25.2748 127.25 2.26533
25.2748 127.25 2.26533
25.2874 127.965 2.20032
25.2874 127.965 2.20032
25.2874 128.155 2.36322
25.2874 128.155 2.36322
25.2874 128.155 2.36322
25.2874 128.534 2.68904
25.2874 128.534 2.68904
25.3126 129.395 2.0703
25.3126 129.395 2.0703
25.3126 129.395 2.0703
25.3126 129.775 2.39612
25.3126 129.775 2.39612
25.3252 130.3 2.1682
25.3252 130.3 2.1682
25.3252 130.3 2.1682
25.3252 130.3 2.1682
25.3252 130.3 2.1682
25.3252 130.679 2.49402
25.3252 130.679 2.49402
25.8197 131.118 2.36705
25.8197 131.118 2.36705
25.8197 131.118 2.36705
25.8197 131.497 2.69287
25.8197 131.497 2.69287
25.8323 131.833 2.30204
25.8323 131.833 2.30204
25.8449 132.737 2.39994
25.8449 132.737 2.39994
25.8449 132.737 2.39994
25.8449 132.927 2.56284
25.8449 132.927 2.56284
25.8575 133.263 2.17202
25.8575 133.263 2.17202
25.8575 133.263 2.17202
25.8449 133.496 3.05157
25.8449 133.496 3.05157
25.8575 134.211 2.98656
25.8575 134.211 2.98656
25.8701 134.736 2.75865
25.8827 134.882 2.20493
25.8701 134.736 2.75865
25.8701 134.736 2.75865
25.8701 134.736 2.75865
25.8827 135.451 2.69364
25.8827 135.451 2.69364
26.6182 135.657 2.45423
26.6182 135.847 2.61714
26.6182 135.847 2.61714
26.5103 136.583 2.52689
26.5103 136.583 2.52689
26.5103 136.583 2.52689
26.3898 136.795 2.66457
26.3898 136.795 2.66457
26.3898 137.174 2.99038
26.3898 137.174 2.99038
26.4024 137.699 2.76247
26.4024 137.699 2.76247
26.4024 137.699 2.76247
26.415 138.414 2.69746
26.415 138.414 2.69746
26.415 138.414 2.69746
26.415 138.414 2.69746
26.415 138.604 2.86037
26.415 138.604 2.86037
26.415 138.604 2.86037
26.415 138.983 3.18619
26.415 138.983 3.18619
27.0427 139.736 2.69363
27.0427 139.736 2.69363
27.0427 139.736 2.69363
27.0427 140.115 3.01944
27.0427 140.115 3.01944
27.0553 140.641 2.79153
27.0553 140.641 2.79153
27.0553 140.641 2.79153
27.0553 141.02 3.11734
27.0553 141.21 3.28025
27.0553 141.02 3.11734
27.0553 141.21 3.28025
27.0553 141.21 3.28025
27.0553 141.589 3.60606
27.0553 141.589 3.60606
27.0678 142.114 3.37816
27.0678 142.114 3.37816
27.0678 142.493 3.70397
27.0678 142.493 3.70397
27.0678 142.493 3.70397
27.0804 142.829 3.31315
27.6955 143.057 3.04851
27.7081 143.961 3.1464
27.7081 143.961 3.1464
27.7081 143.961 3.1464
27.7081 144.151 3.30931
27.7081 144.151 3.30931
27.7207 144.487 2.91849
27.7207 144.487 2.91849
27.7207 144.487 2.91849
27.7207 144.866 3.2443
27.7207 144.866 3.2443
27.7333 145.391 3.0164
27.7333 145.391 3.0164
27.7459 146.106 2.95139
27.7459 146.106 2.95139
27.7459 146.106 2.95139
27.7459 146.106 2.95139
27.7459 146.106 2.95139
27.7459 146.296 3.1143
28.3483 146.187 3.24048
28.3483 146.187 3.24048
28.3483 146.567 3.56629
28.3483 146.567 3.56629
28.253 147.449 2.92231
28.253 147.449 2.92231
28.2404 147.683 3.80186
28.2404 147.683 3.80186
27.7584 147.769 3.70092
27.771 148.484 3.6359
27.771 148.484 3.6359
27.7836 149.01 3.40799
27.7836 149.01 3.40799
27.7836 149.01 3.40799
27.7836 149.389 3.7338
27.7836 149.389 3.7338
27.7836 149.389 3.7338
27.7836 149.389 3.7338
27.7836 149.389 3.7338
27.7962 149.914 3.50589
27.7962 149.914 3.50589
27.7962 150.294 3.8317
27.7962 150.294 3.8317
27.7962 150.294 3.8317
28.1703 150.754 3.6795
28.1703 150.754 3.6795
28.1703 150.754 3.6795
28.1703 151.133 4.00532
28.1703 151.133 4.00532
28.1703 151.323 4.16823
28.1703 151.323 4.16823
28.1703 151.323 4.16823
28.1829 152.038 4.10322
28.1829 152.038 4.10322
28.1829 152.038 4.10322
28.1829 152.038 4.10322
28.1829 152.038 4.10322
28.1955 152.563 3.8753
28.1829 152.417 4.42903
28.2081 153.278 3.81029
28.1955 153.132 4.36402
28.1955 153.322 4.52693
28.1955 153.322 4.52693
28.1955 153.322 4.52693
28.2081 153.658 4.1361
28.2081 153.658 4.1361
28.2081 154.226 4.62482
28.9436 154.432 4.38543
28.2081 154.226 4.62482
28.8357 155.169 4.29518
28.8357 155.169 4.29518
28.8357 155.169 4.29518
28.8357 155.169 4.29518
28.8483 155.694 4.06727
28.8483 155.694 4.06727
28.8483 155.694 4.06727
28.8609 156.409 4.00226
28.8609 156.409 4.00226
28.8609 156.409 4.00226
28.8609 156.599 4.16517
28.8609 156.599 4.16517
28.8735 156.935 3.77434
28.8735 156.935 3.77434
28.8735 157.314 4.10015
28.8735 157.314 4.10015
28.8735 157.314 4.10015
28.8861 158.219 4.19806
28.8861 158.219 4.19806
28.8861 158.408 4.36097
28.8861 158.408 4.36097
28.8861 158.787 4.68678
28.8861 158.787 4.68678
28.8861 158.787 4.68678
28.8987 159.313 4.45887
28.8987 159.313 4.45887
28.9112 160.028 4.39386
28.9112 160.028 4.39386
28.9112 160.028 4.39386
28.9112 160.217 4.55677
28.9112 160.217 4.55677
28.9112 160.217 4.55677
28.9112 160.217 4.55677
29.2853 160.867 4.56747
29.2853 160.867 4.56747
29.2853 160.867 4.56747
29.2853 161.057 4.73038
29.2853 161.057 4.73038
29.3105 162.108 4.27454
29.3105 162.108 4.27454
29.3105 162.108 4.27454
29.3105 162.297 4.43745
29.3105 162.297 4.43745
29.3105 162.677 4.76327
29.3105 162.677 4.76327
29.3105 162.677 4.76327
29.3231 163.202 4.53535
29.3231 163.202 4.53535
29.3231 163.202 4.53535
29.3105 163.246 5.25199
29.3231 163.771 5.02408
29.3231 163.771 5.02408
29.3231 163.771 5.02408
29.3231 164.15 5.34989
29.3231 164.15 5.34989
29.2026 164.362 5.48756
29.2026 164.362 5.48756
29.2026 164.362 5.48756
29.2152 165.077 5.42255
29.2152 165.077 5.42255
28.8537 165.331 5.50976
28.8537 165.331 5.50976
28.8537 165.331 5.50976
28.8663 166.046 5.44475
28.8663 166.046 5.44475
28.8663 166.046 5.44475
28.8663 166.046 5.44475
28.8663 166.046 5.44475
28.8789 166.572 5.21683
28.8789 166.572 5.21683
28.8789 166.572 5.21683
28.8915 167.287 5.15182
28.8915 167.287 5.15182
28.8915 167.476 5.31473
28.289 167.585 5.18855
28.289 167.585 5.18855
28.289 167.585 5.18855
28.289 167.585 5.18855
28.3016 168.3 5.12354
28.3016 168.3 5.12354
28.3142 169.204 5.22144
28.3016 169.058 5.77516
28.3142 169.204 5.22144
28.3268 169.54 4.83061
28.3142 169.394 5.38434
28.3142 169.773 5.71016
28.3142 169.773 5.71016
27.7118 169.882 5.58398
27.7244 170.407 5.35606
27.7244 170.407 5.35606
27.7244 170.786 5.68188
27.7244 170.786 5.68188
27.7244 170.786 5.68188
27.7244 170.976 5.84478
27.7244 170.976 5.84478
27.7244 170.976 5.84478
27.7369 171.312 5.45396
27.0014 171.106 5.69336
27.014 171.821 5.62836
27.014 171.821 5.62836
27.014 171.821 5.62836
27.0266 172.726 5.72625
27.0266 172.726 5.72625
26.5446 172.812 5.62531
26.5446 173.002 5.78821
26.5446 173.002 5.78821
26.5446 173.002 5.78821
26.5572 173.717 5.72321
26.5572 173.717 5.72321
26.5572 173.907 5.88611
26.5572 173.907 5.88611
25.8217 173.701 6.12551
25.8343 174.037 5.73469
25.8343 174.037 5.73469
25.8343 174.037 5.73469
25.8469 174.752 5.66969
25.8469 174.752 5.66969
25.8469 174.941 5.83259
25.8469 174.941 5.83259
25.2444 175.05 5.70641
25.257 175.765 5.6414
25.257 175.765 5.6414
25.257 175.765 5.6414
25.257 175.954 5.80431
25.257 175.954 5.80431
25.2696 176.669 5.7393
25.2696 176.669 5.7393
24.1726 176.529 5.90299
24.1852 177.054 5.67507
24.1852 177.054 5.67507
24.1852 177.054 5.67507
24.1852 177.054 5.67507
24.1852 177.054 5.67507
24.1978 177.769 5.61005
24.1978 177.769 5.61005
24.1978 177.769 5.61005
23.5953 178.257 5.80969
23.5953 178.257 5.80969
23.5953 178.636 6.13551
23.5953 178.636 6.13551
23.5953 178.636 6.13551
23.5953 178.636 6.13551
23.5953 178.636 6.13551
23.6079 179.161 5.90759
23.6079 179.161 5.90759
23.6079 179.161 5.90759
23.6205 180.256 6.1684
23.6205 180.256 6.1684
23.6205 180.256 6.1684
23.6205 180.256 6.1684
23.0054 180.028 6.43304
23.018 180.554 6.20512
23.018 180.554 6.20512
23.018 180.933 6.53094
23.018 180.933 6.53094
23.018 180.933 6.53094
23.018 181.123 6.69385
23.018 181.123 6.69385
23.0306 181.458 6.30302
22.4282 181.567 6.17684
22.4282 181.567 6.17684
22.4408 182.282 6.11183
22.4408 182.282 6.11183
22.4408 182.471 6.27474
22.4408 182.471 6.27474
22.4408 182.471 6.27474
22.4534 183.376 6.37263
22.4534 183.376 6.37263
22.4534 183.376 6.37263
22.4534 183.376 6.37263
22.4534 183.376 6.37263
21.8635 184.2 6.18144
21.8635 184.2 6.18144
21.8761 184.725 5.95353
21.8761 184.725 5.95353
21.8761 184.725 5.95353
21.8761 185.104 6.27934
21.8761 185.104 6.27934
21.8887 185.44 5.88852
21.8887 185.44 5.88852
21.8887 185.44 5.88852
21.8887 185.63 6.05143
21.8887 185.63 6.05143
21.2862 186.117 6.25106
21.2862 186.117 6.25106
21.2862 186.117 6.25106
21.1657 186.329 6.38873
21.1657 186.329 6.38873
21.1783 187.044 6.32372
21.1783 187.044 6.32372
21.1657 186.897 6.87746
21.1909 187.569 6.0958
21.1783 187.423 6.64954
21.1909 188.138 6.58453
21.1909 188.138 6.58453
21.1909 188.138 6.58453
21.1909 188.138 6.58453
21.1909 188.138 6.58453
21.1909 188.327 6.74743
21.1909 188.327 6.74743
20.8294 188.772 6.99754
20.8294 188.772 6.99754
20.8294 188.772 6.99754
20.842 189.297 6.76962
20.842 189.297 6.76962
20.8546 189.633 6.3788
20.8546 189.633 6.3788
20.8672 190.538 6.4767
20.8672 190.538 6.4767
20.8672 190.538 6.4767
20.8672 190.917 6.80252
20.8672 190.917 6.80252
20.8672 190.917 6.80252
20.8672 190.917 6.80252
20.8672 190.917 6.80252
20.7593 191.464 6.54936
20.2774 191.551 6.44842
20.2899 192.266 6.38341
20.2899 192.266 6.38341
20.2899 192.455 6.54631
20.2899 192.455 6.54631
20.2899 192.455 6.54631
20.3025 192.791 6.15549
20.3025 192.791 6.15549
20.3151 193.506 6.09048
20.3151 193.506 6.09048
20.3151 193.506 6.09048
20.3151 193.885 6.4163
20.3151 193.885 6.4163
20.3277 194.79 6.51421
20.3277 194.79 6.51421
20.3277 194.79 6.51421
20.3277 194.79 6.51421
20.3277 194.79 6.51421
19.0023 195.218 6.3995
19.0023 195.218 6.3995
19.0149 195.933 6.3345
19.0149 195.933 6.3345
19.0149 195.933 6.3345
19.0149 196.123 6.4974
19.0023 195.977 7.05113
19.0149 196.312 6.66031
19.0149 196.312 6.66031
19.0149 196.312 6.66031
19.0149 196.692 6.98612
19.0149 196.692 6.98612
19.0149 196.881 7.14903
19.0149 196.881 7.14903
19.0149 196.881 7.14903
19.0275 197.596 7.08402
19.0275 197.596 7.08402
19.0401 198.122 6.85611
19.0401 198.122 6.85611
19.0527 198.837 6.7911
19.0527 198.837 6.7911
19.0527 198.837 6.7911
19.0527 199.026 6.95401
19.0527 199.026 6.95401
19.0527 199.026 6.95401
19.0527 199.026 6.95401
19.0527 199.026 6.95401
19.0653 199.741 6.889
19.0653 199.741 6.889
19.0653 199.931 7.05191
19.0653 199.931 7.05191
19.0779 200.646 6.9869
19.0779 200.646 6.9869
19.0779 200.646 6.9869
19.0905 200.982 6.59608
19.0905 200.982 6.59608
19.0905 201.551 7.0848
19.0905 201.551 7.0848
19.1031 202.076 6.85688
19.1031 202.076 6.85688
19.1031 202.076 6.85688
19.1031 202.076 6.85688
18.3675 201.87 7.09629
18.3801 202.585 7.03127
18.3801 202.585 7.03127
