-18.963133886158133 137.11981188180818 0.5064943195171878
-18.997239607594572 137.29545356252999 0.5294904296832073
-19.042197281451678 137.4557334208031 0.5434868353194275
-19.077148646629233 137.62156596548954 0.5714831459777514
-19.092228074483696 137.81441921288257 0.5554789269476146
-19.13901791998585 137.97988165079062 0.5844752003769713
-19.16382200981018 138.16089100781625 0.6244711972246506
-19.19595461241134 138.32542744482328 0.6274675261548879
-19.220758558474323 138.5005131087339 0.6154636413119619
-19.217939388363057 138.70780328365245 0.6324591352134092
-19.250072071939908 138.8688237424994 0.6604555265681142
-19.276990090115582 139.0505728662827 0.6744514763353777
-19.279244602945642 139.22454836296166 0.6794476648614136
-19.280794502706208 139.40444697045587 0.7094437213516471
-19.296719740142944 139.57675748370102 0.7464398952941025
-19.27882059984114 139.76405857106798 0.7454358371274452
-19.283752938753917 139.93155670951205 0.7704321419777074
-19.289953540337933 140.11848756749225 0.7634280087409167
-19.28826193133372 140.29042741694605 0.7794242250429022
-19.289670881806806 140.46717949422322 0.8014203216557263
-19.303200200559115 140.64448701914242 0.8314163628268716
-19.295730212229426 140.81883239023324 0.8244125300001315
-19.48894905071139 141.2086045977392 0.5004033052569667
-19.297702452873786 141.1801096725069 0.8574045169142437
-19.265569032267848 141.35038356934416 0.8664008333772699
-19.242032602424754 141.53898078711913 0.8913967132962455
-19.197778890602166 141.70647876531896 0.914393116854626
-19.170578078319483 141.89803661156412 0.9103889299442329
-19.132666461301085 142.0629438205862 0.9483853630581365
-19.092781597849083 142.231736525581 0.9333817114131051
-19.060930174661273 142.38998088786772 0.9723782677355501
-19.017381028729563 142.5772819846764 0.9743742027668958
-18.971154213899954 142.7401526243571 0.9823706893745765
-18.925773023504995 142.92467818857557 1.0143666796315927
-18.889693466228312 143.09217588216544 1.0233630226366728
-18.84501693962589 143.25486149190436 1.0333594947288418
-18.80696426051745 143.441422444035 1.042355403588445
-18.78018640998564 143.60799507845846 1.0653517235571996
-18.74467069061091 143.76716473359073 1.0993482335465217
-18.699430291180292 143.95761181089097 1.08434406102144
-18.665042029754247 144.13325379192986 1.126340184706649
-18.620647358851205 144.29630938778692 1.1283366174728968
-18.547502135925356 144.4676938387575 1.1443329424946
-18.507476404086965 144.642409545336 1.1483290889313054
-18.4534982231018 144.8265647420497 1.1713250556630754
-18.39825158008779 145.00553714252112 1.1703211390668287
-18.35470261847246 145.16507690451587 1.202317626191487
-18.285926338108315 145.34164348258471 1.2123137912328446
-18.26549047307023 145.5039586851352 1.2083101410910047
-18.262389463903794 145.70347539397432 1.2193055840108542
-18.232933821366743 145.87485973274707 1.225301742686952
-18.227577995015036 146.0534630167 1.2642976595858073
-18.23532898680563 146.243355954079 1.2912932755601219
-18.20742349325482 146.43546866170652 1.2702889368412826
-18.174021618619413 146.62332480990864 1.2622847044532932
-18.127512789587488 146.81747312247276 1.231280361427494
-18.109613816022986 146.9616506782256 1.2362770825763647
-18.11905600937166 147.163944181259 1.271272379797324
-18.154852986137765 147.34921085659266 1.3272679905144997
-18.178952533477194 147.48172943752797 1.374264851937511
-18.15555673162214 147.67606147071268 1.2822604109179139
-18.1337115368978 147.8587359120498 1.2962562303985123
-18.113698302836088 148.0536243951385 1.2562517556039836
-18.10876514740983 148.23648349257323 1.2502475115699099
-18.09748998867198 148.42082351944 1.257243245623883
-18.085792018961836 148.59776010354304 1.2542391489385096
-18.30085695109054 148.68900281357892 1.1532364056788396
-18.064369170839004 148.94071342562523 1.2432311912255471
-18.0640868824018 149.11357834097038 1.243227143382171
-18.03843638313846 149.30217470841262 1.2302227931318725
-18.02941628224613 149.45690221412548 1.2502191874402087
-18.023214672035092 149.6508659316048 1.2362146433385135
-18.002637919237557 149.8411290444189 1.266210223632882
-17.995027059511973 150.0193613653309 1.270206045763942
-17.991926043587036 150.19981432791786 1.2602017973654966
-17.96796683272489 150.37415985343145 1.2611977466360855
-17.95781916213982 150.5457291624242 1.260193717241961
-17.94161124737757 150.7365465145734 1.2471892446992001
-17.92808110342302 150.91348275996972 1.230185088977052
-17.930758515127746 151.0856080515964 1.259180995923714
-17.90905428697165 151.25754777838213 1.2701769728637515
-17.89101427408105 151.44040686618467 1.2651726735494435
-17.873678915930384 151.63603660905798 1.2651680615346947
-17.867336475596563 151.81482427008825 1.2731638177456404
-17.8508467702434 151.9917609376285 1.2741596380915325
-17.84534995855721 152.17073387341927 1.2901553757573225
-17.806733482294373 152.36488220624028 1.2601508368925636
-17.79419005582326 152.5151678358967 1.2821472712822413
-17.791793658901025 152.7069104267198 1.2611426797875396
-17.76459291732089 152.88070017844092 1.240138581546546
-17.760082630784016 153.06096858395523 1.2521342591679883
-17.736264396007854 153.24160719880285 1.2681299773848878
-17.7075134469443 153.41003005204902 1.2651259984138363
-17.692714911244515 153.6004774594629 1.2611214455274649
-17.668755749572455 153.77408293199753 1.27311731820285
-17.65099767227101 153.94380154223154 1.2771132631429083
-17.640709104321843 154.12740152568276 1.295108847296305
-17.61491772737939 154.31100086716853 1.2881044685345842
-17.592508779436738 154.48775219994178 1.2791002394224762
-17.57869686708238 154.66450411203306 1.293095984761706
-17.556992629043094 154.84107070651817 1.298091749246737
-17.547831529733713 155.01338051071647 1.3040875790564854
-17.521899207266138 155.20197696947633 1.295083052337958
-17.505832326994227 155.3815048857934 1.301078715086092
-17.494416275202305 155.56047762277652 1.3090743721564735
-17.47144360312785 155.7407455999404 1.3050700258429941
-17.458618153679087 155.93804112673698 1.307065229360333
-17.447906767702467 156.1077596109949 1.3050610967545424
-17.416337095560458 156.28969304424038 1.29105671575671
-17.403229811909185 156.46570417545988 1.28605242530395
-17.383498652749058 156.63745854438997 1.2850482532405323
-17.365035920760732 156.81624628388943 1.297043898678666
-17.35221045590913 157.00336200596786 1.2830393200130032
-17.334311418799206 157.17900293868416 1.2770350312849672
-17.313452828932807 157.34353934918644 1.2830310222238381
-17.29992272415762 157.5410200314795 1.2880261711130032
-17.282023769835984 157.71555120254206 1.3110218969920737
-17.257500848153757 157.8906369301395 1.3070176197393835
-17.241856747760707 158.06757335675957 1.2980132692269564
-17.227340185202547 158.24025346232895 1.3100090159882996
-17.21620597173031 158.42496344176936 1.30800444965557
-17.18689136430477 158.59727347929754 1.3250002361633477
-17.154053266151948 158.7756899576028 1.2939958747695215
-17.14700622148815 158.95503327082838 1.3179914150483114
-17.1331943387259 159.12641784457296 1.3309871677562626
-17.09936971134567 159.3203814305001 1.3149824052554635
-17.08062502786532 159.5067567409576 1.2979777856271824
-17.049619137918928 159.68906055630882 1.292973296817351
-17.030451765522038 159.84822952455224 1.2939693497609994
-17.009311228135125 160.03034805517507 1.279964828245781
-16.979714757530395 160.20358347232894 1.2959605465911466
-16.964352504787993 160.38662736716708 1.2799559770296298
-16.953359256433853 160.56522977561272 1.2809515001159753
-16.92080314979194 160.74827438824298 1.2949469665404507
-16.919111515923092 160.93113351310444 1.2899423482399897
-16.905158630561846 161.10362786147874 1.274938019749385
-16.884440966344606 161.278713825491 1.2799336377845378
-16.87570272550666 161.45972291582996 1.305929071556264
-16.85639434033583 161.6412862347904 1.2929245112818677
-16.84554203236485 161.8130405488628 1.2889201744968943
-16.834407815971193 162.0057089779243 1.2869153011755827
-16.81820004882673 162.1719110017823 1.287911109913324
-16.79085844637483 162.3653197647805 1.2879062486776292
-16.78014705684773 162.54762370293327 1.2859016225320943
-16.771126889877596 162.72289459706704 1.2838971663507976
-16.764925403420946 162.89853568308297 1.2828926875672835
-16.75731450445825 163.07972858198048 1.2588880656837063
-16.74660316831436 163.26906623383525 1.2828832387798172
-16.765769822499955 163.43138180790135 1.289879021442971
-16.766474157518026 163.61812859663485 1.3228742200265913
-16.78183548734015 163.81079693086596 1.3148692214684559
-16.812417768297564 163.966264306009 1.3118651374990122
-16.840463157183514 164.1520847275499 1.3048602717570503
-16.863998659970395 164.33772000589934 1.2958554162717775
-16.909519907673108 164.4967039138184 1.2918511880116341
-16.931787025443374 164.6782675529405 1.2878464326811212
-16.94151105004614 164.86853029711494 1.2978414801671647
-16.932631802194674 165.0502789982241 1.2958367905302168
-16.930940213845883 165.22166335456737 1.2988323478598858
-16.93657709805072 165.40933431771856 1.2838274564225145
-16.925020149802943 165.58145902346064 1.2888230099821953
-16.91402689204424 165.76598394797935 1.287818235282728
-16.91459025304336 165.94680768770905 1.3018135187617332
-16.90951623278529 166.1242996047086 1.3018089000890285
-16.909374878472768 166.3066035670792 1.2998041392720552
-16.9038780485147 166.48964791721636 1.3007993664340063
-16.895421589005625 166.66491852284253 1.2877947998264574
-16.906414032755187 166.8437061953008 1.2937900861536633
-16.885273534367354 167.03267299709648 1.2917851834494343
-16.873857483347752 167.21497695992082 1.290780424929892
-16.86624670249264 167.38673170027067 1.3027759279755884
-16.82382512292399 167.57606774485228 1.2677710567060956
-16.799865978084316 167.75615074186288 1.2677663741551868
-16.7795711626115 167.92735018827145 1.2787619107062085
-16.73390820043635 168.1048416970478 1.2667573445845477
-16.697828825902082 168.27881757524318 1.2877528397690128
-16.647515047690884 168.45445816540635 1.2717483226962543
-16.60213408704176 168.61214694078927 1.2917442643979058
-16.558303340417996 168.7877883144416 1.304739721158228
-16.499956394611605 168.96287412480245 1.3067352265911296
-16.43414000498587 169.123338660491 1.3117311326249705
-16.37255164463645 169.29324267298648 1.3307267710129338
-16.295742359886514 169.46296066536024 1.3157224503631966
-16.21597359446501 169.60713830129208 1.3277188113895306
-16.13690941384958 169.78203904510232 1.331714346352726
-16.058408956422582 169.9413925427839 1.3167102908610104
-15.980049535970494 170.08705085354552 1.32970659516738
-15.907327312274411 170.2739813456352 1.3157017761379564
-15.832209174085882 170.4411073103017 1.2666974881623076
-15.791760887827866 170.5986106785213 1.2736933661632008
-15.725239827570451 170.77869383128765 1.2826886999517058
-15.695361581305566 170.94878307907612 1.3046842058269306
-15.655195093088064 171.1401561029354 1.310679160805691
-15.61277364246489 171.3194983420098 1.2956744370706161
-15.595297516244717 171.49051253660488 1.2996698732344214
-15.586136472793047 171.6639327632623 1.302665219906899
-15.560767979188977 171.8442002240174 1.2796604134382363
-15.562176964367087 172.033722884395 1.2986552894935244
-15.545687286837449 172.208622845333 1.268650597806797
-15.560203094376082 172.39000170681845 1.2766456511207025
-15.60149632578743 172.56878980008915 1.295640703700883
-15.580074070458831 172.74295051304068 1.3056360307181336
-15.575281959601817 172.92821604747024 1.3146310094652023
-15.56541613271358 173.1175522487279 1.2836258849286821
-15.554563930855554 173.28967737530635 1.3036212246572347
-15.531873193145756 173.48567714390148 1.2986159382630689
-15.508196007808568 173.66687112153286 1.3166110532828696
-15.474935295709447 173.8282605669986 1.3006067262831351
-15.462673686499116 174.0079733259621 1.2966018443282081
-15.424621153518537 174.19879029654868 1.272596715802237
-15.39121954129524 174.3675834423146 1.2745921710274217
-15.329913145979852 174.5434105661036 1.31258749907812
-15.293129048116239 174.7194210672431 1.286582755087153
-15.232104459879874 174.88691864949166 1.2905782995702992
-15.175448808783543 175.06570630286546 1.3005735172248478
-15.11569255641636 175.22339356517614 1.2655693183474455
-15.06862040597209 175.40551290181978 1.2835644120362986
-15.030849901958106 175.57578715112453 1.3025598040447335
-14.991951871743293 175.73939765637942 1.2905553786990254
-14.984341137391713 175.90208323761408 1.293550901592269
-14.966301229701966 176.09549181010055 1.2855455927907542
-14.952630368626888 176.26150910039144 1.2985410280946752
-14.949388525183547 176.4595452636233 1.3105355475589562
-14.957985150818526 176.62260101018785 1.3125310037896867
-14.95854855638575 176.80712649264242 1.3305258755388252
-14.982788825833346 176.97573504080052 1.3455211313274305
-15.008297441081105 177.15581817601503 1.3465160606084083
-15.025631827950455 177.35218779736442 1.3275105487439447
-15.052972669682514 177.51839067281722 1.355505849763702
-15.015060672823136 177.7898994836452 1.219498357130334
-15.03563659006798 177.9879355825255 1.2274927729816199
-15.061850023581773 178.14581040650185 1.275488292036556
-15.076647742354083 178.33144676624 1.3064830575189745
-15.090317963255352 178.50597769515184 1.3154781310163912
-15.120477797993228 178.5861201032892 1.4084758102421517
-15.116249331444767 178.78285964230065 1.3824702958315243
-15.113148472601733 178.9610923996084 1.4004652921972536
-15.047754621298619 179.21205885291386 1.3224583828111065
-15.025063915868294 179.40990948105403 1.3194528589299637
-15.04141223022058 179.4968996165082 1.4044503676717852
-15.008856187204092 179.67013404746126 1.3834455566191934
-14.990675411259382 179.85502940899022 1.392440372904261
-14.959387781668188 180.03418666326746 1.3804353805430765
-14.923590396342796 180.19650260000168 1.4034308698433478
-14.894980591841936 180.37658630924233 1.4284258347293814
-14.862001792820354 180.55537374226992 1.4284208397097018
-14.832687218187314 180.73008870655673 1.4034159452981925
-14.802386241016269 180.91239374802046 1.4414108367062681
-14.773212628118113 181.08821953471545 1.4284059020855864
-14.74446184711935 181.2586782523156 1.4244011155693528
-14.71373799613136 181.4382060961688 1.4273960673928343
-14.678645184891579 181.6208800374963 1.4213909367221333
-14.654686208875471 181.80170428633602 1.4533858284757741
-14.61113739669446 181.97382846786206 1.4413810080826863
-14.582386653027097 182.14003059848127 1.4463763172287258
-14.55180369176674 182.3239998254116 1.4303711180836842
-14.511355410704017 182.49316249775296 1.4103663597759208
-14.481477260415396 182.67324670578984 1.4523612608406182
-14.44666632564105 182.84888742928126 1.4403562947167075
-14.345334359110737 183.12465323048912 1.3173485912678302
-14.33109971054116 183.3123244341885 1.3133432193499175
-14.28487325296037 183.4677919053475 1.3193388417968208
-14.298966775697103 183.54256849780876 1.463336652893048
-14.27824915295011 183.7276480214997 1.440331357897577
-14.23554602061962 183.89125906270817 1.4473267267911893
-14.193124633039009 184.09133018586402 1.4293210344410454
-14.150703476487578 184.25975479126063 1.4873162543662346
-14.122798285527814 184.42799199893335 1.4643114425319794
-14.095738682778443 184.60622359736323 1.4433063328287545
-14.065860452142875 184.79408011719696 1.4483009463369143
-14.027526248676516 184.95861636682568 1.448296249329914
-13.992151611571327 185.13481244471444 1.440291202092837
-13.94634789429917 185.3102680639918 1.4282861943544987
-13.916610620278071 185.49553360783023 1.43828086125815
-13.879967679664936 185.65692413973954 1.4602762337332678
-13.85417656096524 185.842375034341 1.4792708757658772
-13.826130433112898 186.02486353233772 1.4602656027253431
-13.79089670622842 186.21086865648826 1.4452602394628968
-13.747207033698324 186.37336878146868 1.4372555756509797
-13.708027224440201 186.55160099878327 1.438250435105786
-13.687309707831087 186.74315961206435 1.459244860655474
-13.66659221822016 186.8893727786767 1.4532406116070717
-13.652780511048483 187.0568713593889 1.4872357195608998
-13.626707373693652 187.25435053343512 1.440229966795215
-13.5931648812997 187.45183125114102 1.4462242233073965
-13.572588407401959 187.60211736257787 1.4802198370495319
-13.564977643246426 187.78978843532371 1.4712143168821825
-13.562299581889246 187.97264778526306 1.4742089224878754
-13.540595489770812 188.16124435021067 1.4692033951777432
-13.52636102475742 188.31282615718146 1.5071989401521364
-13.503106609681229 188.5188199081289 1.4901928884693945
-13.485912531006637 188.66355335750208 1.515188635139836
-13.487744259427249 188.86621567846913 1.497182618863775
-13.469704576418845 189.02631111498158 1.5331779025782168
-13.445040778245545 189.24396444033997 1.5001714841440474
-13.441658129526296 189.39406482947248 1.5111670254784997
-13.420658748640342 189.5780348078357 1.5201615903541636
-13.40459203534289 189.76922310559365 1.5351559246215771
-13.375700335948583 189.9615211154383 1.5251502475402106
-13.375277314655811 190.10144221818638 1.5401460686702393
-13.353855148597638 190.27763876878058 1.5471408465539866
-13.332292111812695 190.4505047146783 1.5821357193736816
-13.316788994729343 190.62614385081565 1.5161304925828603
-13.286910870902595 190.80382162851427 1.5431252291010082
-13.239133957658108 191.04331401247558 1.4981181422588037
-13.207283113416025 191.11920000421415 1.603115928572521
-13.228563562169679 191.34592221670556 1.5661090691254884
-13.205027278092153 191.55006479784743 1.537102976129674
-13.193893363133299 191.69128195917813 1.5690987463616608
-13.177967629420966 191.8713656918735 1.592093350993764
-13.151330848450577 192.07180705377556 1.5760873584903976
-13.137660006214865 192.26429086564764 1.589081573826121
-13.125962287345796 192.43215922310645 1.6090765219226597
-13.086782484524608 192.60613390718197 1.587071339045849
-13.042247270608659 192.7799242902011 1.5910661656376277
-13.03872369901351 192.94446134005386 1.6150611866055868
-12.988692098674989 193.1217684203873 1.6250559086754066
-12.94655261221354 193.3162861848537 1.576050087554691
-12.903426720881406 193.49248240136876 1.57304481874894
-12.875662675299903 193.65609464915553 1.6180398980539508
-12.82816776585656 193.8543146163921 1.5890339559582856
-12.782223211147375 194.01329784784681 1.5690292029324127
-12.7500901928926 194.18616364630452 1.5990239938600581
-12.706259710835102 194.35033032100245 1.618019067966273
-12.693857406882586 194.50839025648986 1.665014262861007
-12.629873209944485 194.72622750585577 1.5970077260609088
-12.624517498168611 194.89094939451348 1.6130026941069673
-12.643965959821333 195.07306813390016 1.6049970746782805
-12.622543818102411 195.26036972582708 1.6189913710103525
-12.593934039224692 195.4441540138652 1.6079857839895482
-12.588155476830455 195.62405205334386 1.6099802672800223
-12.556868024760565 195.80598636436343 1.6259747326969745
-12.547566065237245 195.98551316201906 1.5929692235030757
-12.538827919091812 196.16022901120795 1.5969638561411443
-12.523184057331576 196.35826576185812 1.6269577790953207
-12.509936096672885 196.5270596258669 1.6499525933266455
-12.474984298091034 196.71084337704966 1.6219469829408553
-12.481748777126938 196.88722454315246 1.6119415143516846
-12.50880787247338 197.0151171991575 1.6819375016212348
-12.441018549093624 197.2346208529185 1.6369308334517
-12.434112566612544 197.4045249328871 1.6509255780696463
-12.409026228035202 197.58553451149868 1.6879200078711563
-12.387604140554167 197.76932017771952 1.7209143400648372
-12.387321785954565 197.94773444808465 1.6219087922500108
-12.38957648922755 198.1259678411886 1.6579032401240141
-12.35843001145724 198.31215953655965 1.6908974990468408
-12.363221399374769 198.47262292628363 1.6528924873025659
-12.38266979969083 198.66492041979296 1.6238864485989097
-12.331792475329074 198.86165859498257 1.5588803999497287
-12.287820940471477 199.05950829293744 1.5268742983507622
-12.386051357723112 199.20776182391768 1.657869469188924
-12.434109272479432 199.36378404316972 1.6418644880230033
-12.437491280688086 199.5420149059151 1.5968588941704525
-12.430162507281004 199.72098826714762 1.6218532937366348
-12.354340262307687 199.92161706481735 1.6838471401621007
-12.277531401477958 200.1296478808634 1.7078407476479782
-12.324039018865825 200.2928879422598 1.6828355223800884
-12.365896064637248 200.39468334056866 1.7208322362197208
-12.339964065302318 200.5904985695864 1.7328261145760848
-12.307267259154038 200.77724432042123 1.7278202872826114
-12.264141409118245 200.98064778069107 1.738813948531984
-12.184795541796454 201.2060729174308 1.6608069756508002
-12.222001735597637 201.3397020814411 1.6978026783882143
-12.174507079711958 201.54347762722062 1.7697963181593082
-12.212276904746112 201.70061097330898 1.7747912665418966
-12.116582775184881 201.91678127102278 1.6717845909958982
-12.091073619676017 202.10667431688736 1.6957786107940223
-12.056262835501798 202.29397539889462 1.6937727244541207
-12.066268868399007 202.43722777591628 1.701768148583767
-12.060490305689072 202.6226780704866 1.6987622571095073
-12.027793515836741 202.809423819965 1.6937563692225979
-12.00904918357839 202.9834000450445 1.7197508572881333
-11.99143228203193 203.14441973044038 1.7167457496118885
-11.981284881678285 203.31710060112897 1.7487402541541286
-11.98593539941811 203.49607345844134 1.75673452341114
-11.925333857699883 203.70539940288523 1.765727938301083
-11.902643380889593 203.8675297872589 1.7697227884824684
-11.879248177506156 204.04687202265922 1.7547170835549508
-11.882348439215818 204.21325916470227 1.7547117392577434
-11.85979885115158 204.39500779837192 1.7507059454869562
-11.825833794654876 204.57490744399263 1.8037002260328165
-11.788768028530654 204.74962146151142 1.7516946745233355
-11.768473431791648 204.92859482882176 1.7766889512449069
-11.739300006197972 205.10812261804853 1.7766832192589845
-11.711113116803787 205.2758049836316 1.767677862265927
-11.704770830106483 205.4605148953906 1.762671911980405
-11.67813422419212 205.64207898993192 1.7756660956820127
-11.658685218590321 205.81531452032715 1.789660529576068
-11.642900424425392 206.00335602394156 1.789654471796723
-11.608230606442262 206.17844155591814 1.7796488645797268
-11.589486248396447 206.34816007745536 1.7786433957853376
-11.561863071729277 206.5365715267455 1.7726373342595423
-11.518314559566235 206.70203404270967 1.7986320397895241
-11.482235396367265 206.89877415561085 1.7946257086593675
-11.453625672446321 207.06590040065677 1.7586203242125578
-11.437700060412837 207.23247392924878 1.799614930218965
-11.400352531792237 207.42088572384296 1.8046088565468636
-11.375407145461082 207.6020798324596 1.8226029922633415
-11.34637470449838 207.75717690256863 1.8185979806729193
-11.317764983462936 207.93448278613204 1.7895922391644064
-11.288168823413969 208.1008702403713 1.8005868512285303
-11.260827599195949 208.2761419750821 1.8245811655522743
-11.222493580930973 208.46066754425902 1.8435751902447493
-11.190924318446271 208.62871996698482 1.8315697368077508
-11.160341605901955 208.80732258841323 1.8385639312475348
-11.12553088670505 208.98296349221664 1.8325582262007174
-11.094243550764467 209.1560142958941 1.8575525945852718
-11.058164497608146 209.3388746120595 1.8905466432572524
-11.027440762860046 209.52784024752097 1.8525404753663537
-11.00869642454051 209.69330179649336 1.84753505628629
-10.957114774508504 209.87172056088707 1.892529263874124
-10.926109270111375 210.05032312009055 1.89752342219289
-10.872272688507536 210.23966175314973 1.946517262150266
-10.862688930324005 210.41215527550952 1.9085115748788297
-10.817590125188595 210.58353928756435 1.9015059825868548
-10.789403321220249 210.7651039314036 1.9305000179840448
-10.753465188198966 210.94148578753473 1.9434942327474545
-10.71851353562792 211.1228639500281 1.9304882767269191
-10.684548452741723 211.30294724854397 1.9384823546484284
-10.640295271092732 211.47174040617477 1.939476819915157
-10.602665952073458 211.63590666671575 1.9434714247552165
-10.572787936299207 211.82376371013774 1.9624652231929645
-10.537695397566921 211.9873744353738 1.9574598326264976
-10.490905440783123 212.1561677911439 1.964454283572465
-10.449189074722945 212.34254434516987 1.9884481334830184
-10.411277925548553 212.50560066108432 2.0084427526840045
-10.374353236529863 212.68882985780147 2.002436689397854
-10.33799229030162 212.871503950359 2.000430639336585
-10.29810803581951 213.0393714818621 1.9944250848045186
-10.257660065298985 213.22297157201632 2.0104190005028926
-10.217071165336371 213.39065435833385 2.0144134441556076
-10.178314392221424 213.5594475613948 2.0164078422114073
-10.13110163150536 213.74508322686432 2.0234016837168554
-10.09375415116343 213.92479566408878 2.0103957023225547
-10.03512580711358 214.1022870082952 1.9943898243358262
-10.012294523153763 214.27311763267556 2.0413841106279307
-9.969168867786387 214.43228699611007 2.0533788155998565
-9.926747810134636 214.61273974886552 2.04037279703509
-9.877280191947634 214.78560571982172 2.0723670412113364
-9.835563821035848 214.94921603529298 2.05536157993086
-9.78567337214016 215.1374433315047 2.0773552962318007
-9.752131126500032 215.31141882768316 2.0803494608703517
-9.723662450525943 215.46984681162436 2.0603441412956442
-9.661510845953707 215.66066521854435 2.082337770846806
-9.617962393645463 215.82057463740085 2.0863324151216887
-9.567085445645596 215.99344027702602 2.108326624416378
-9.531147323197601 216.17796500841646 2.101320411800941
-9.479988458345794 216.34879347431587 2.0853146823743742
-9.436158115072097 216.53350361552916 2.0883084640020826
-9.406421121934393 216.70803558708135 2.1273025650272785
-9.389931773520807 216.87756925155318 2.132296812449809
-9.37386518885421 217.0587624623708 2.122290657154821
-9.35497998509976 217.23162770539028 2.131284785452195
-9.340463696122583 217.40523320707229 2.1382788778148694
-9.321014752007741 217.590869090061 2.1502725602711195
-9.294237321159322 217.75281445340903 2.15526705900632
-9.279580110656006 217.9343788519971 2.1752608635230786
-9.25717156159729 218.12945365690078 2.1822542109998153
-9.237440789795642 218.29139940817927 2.198248685842117
-9.217709980210572 218.47703519254418 2.207242343138901
-9.186422665767722 218.6584136361706 2.2022361567756974
-9.166691871254393 218.83812699072462 2.215230006371769
-9.138646053753298 219.01765553011313 2.236223869222158
-9.113841692737225 219.17997112961575 2.243218315223274
-9.100452815891366 219.36856713978963 2.2212118356688393
-9.076494054326226 219.5473553656704 2.242205703320124
-9.048025432167833 219.71781445887876 2.2481998582170775
-9.02589878550954 219.9058566345349 2.267193393378406
-8.99841669648491 220.08057271370757 2.277187390061144
-8.983054797472896 220.2526968886172 2.2641814561546596
-8.956559209544729 220.44129367767772 2.2651749631345552
-8.926681287584636 220.61101293496162 2.2851691216788765
-8.907091439761103 220.78628430162584 2.296163070211051
-8.878622789964531 220.9684028986675 2.2861567868719135
-8.851281644116163 221.14496992348091 2.300150689464857
-8.829577811661295 221.31839052194383 2.312144690442736
-8.79011645339277 221.49995494321013 2.3331384263638455
-8.772076840663722 221.66874753038678 2.3161325729660263
-8.748399947874795 221.85234775200604 2.3341262062119625
-8.722327170549207 222.03576212247404 2.3301198434024144
-8.697663741814104 222.20825696989596 2.332113856466904
-8.668208614517319 222.37445918740332 2.3371080897158123
-8.630015653064476 222.5580593604286 2.3541017216785036
-8.61507659150201 222.74943310642925 2.376095045105245
-8.577306447967274 222.92248381197967 2.3960890355070603
-8.549824354030903 223.08350287527594 2.375083428458069
-8.526429303720867 223.28042842672835 2.3800765514910722
-8.492323425049541 223.4383023464449 2.3940710540462504
-8.476397790244683 223.6270836020064 2.3770644437400676
-8.447506384880704 223.80272477750668 2.378058305694992
-8.403394288380106 223.97781164367416 2.4060522038792556
-8.375066658518818 224.134390045487 2.421046728333593
-8.350685039981691 224.3433449347907 2.4010393951096916
-8.31488798946365 224.50084904811297 2.425033884925142
-8.290083630785226 224.68963103557542 2.429027254457452
-8.251749728232788 224.87896807017657 2.4280206150037884
-8.216234516860126 225.0423940853199 2.4330148816272867
-8.20087268249327 225.2167402459871 2.4490087339432876
-8.176491104789164 225.39793312853087 2.430002348655222
-8.154505450623361 225.57190947850685 2.4559962110992046
-8.14308969378785 225.7564342814969 2.449989679989315
-8.115043926512861 225.92356219410004 2.462983784828509
-8.099682068334644 226.10012864803997 2.4599775314323296
-8.052328562676209 226.27577140654543 2.505971347835498
-8.046831974449766 226.45030138473123 2.4859651450396996
-8.01836338321354 226.64371062748296 2.496958294991245
-7.9984917201418 226.8086176614048 2.511952442938849
-7.981015865966256 226.98148208019293 2.49694630093191
-7.9556477888167905 227.17748230940566 2.5039393366773766
-7.921682870926908 227.3464614175898 2.5279333420900088
-7.90913968689717 227.51358885318672 2.5269273852384657
-7.886026531177109 227.70144519648724 2.523920693078665
-7.8514978341409645 227.87912182722704 2.512914374888936
-7.838531904775138 228.04514021415628 2.5519084426914844
-7.804285097232601 228.23614362813947 2.568901635404927
-8.093196239795553 228.32311340081426 2.059898156342797
-8.074029205246603 228.5074533155646 2.0598915628283265
-7.733536390789119 228.7547388016779 2.5778830989687265
-7.71140976143986 228.93889318190782 2.564876502826351
-7.994401782517009 229.0240138861065 2.105873089745117
-7.973543576506351 229.1866992311495 2.100867257791265
-7.6343191331838085 229.45952524523022 2.601857838646481
-7.923230272093583 229.55537981238268 2.121854029658678
-7.8860238978337165 229.72417322259332 2.1288479841666543
-7.870662083963502 229.89685370322925 2.1458417655608315
-7.513116413638258 230.18022919327632 2.6428319509689686
-7.7968130695939095 230.25683581959765 2.17582883758503
-7.7807465553308575 230.43654840925768 2.1668223520238428
-7.743681118276342 230.6168170897717 2.181815865682168
-7.413053606502622 230.87187473503502 2.660807008322408
-7.381766385793391 231.0610267469384 2.6608001787307387
-7.326238799125932 231.2475885902067 2.6877934638640397
-7.3038303610118405 231.41693727686015 2.6947873316631075
-7.290582496765815 231.6133071103091 2.685780202625139
-7.244920226730855 231.75563441845284 2.7027750727867925
-7.235618498328485 231.9418252418876 2.7047682974927767
-7.2008079857448095 232.1183917927999 2.704761898239042
-7.158809946314712 232.29532955685545 2.733755487177959
-7.144434664595714 232.46560347195458 2.7357492849938865
-7.11765728941748 232.64253949895678 2.716742847363264
-7.083974252567977 232.8194765416729 2.7257364119779055
-7.047613502352021 232.99974528334974 2.7417298558326024
-7.0051926710788806 233.1837162138437 2.773723161499177
-6.979824663492138 233.35084386726737 2.778717061643846
-6.952342655864051 233.52778069907848 2.7817106004136747
-6.91880059332906 233.6882462260109 2.8077047465553875
-6.906257397458312 233.87517641598828 2.7836978905502576
-6.8524209992163705 234.05840562245675 2.7776912106242406
-6.819583614063312 234.21868644017636 2.8136853473766763
-6.955442328663153 234.41931211772499 2.7736778119177643
-6.925987271813845 234.5871797206782 2.768671658217187
-6.7155749600705335 234.75838159166966 2.8446655671576906
-6.695421445026078 234.93587334367027 2.838659036899145
-6.653000572713559 235.11410458086004 2.8106524984955144
-6.625800474286045 235.28493461921389 2.836646212077028
-6.584929891118094 235.46631329761928 2.8376395442526388
-6.554347380094363 235.628998320015 2.8236335522208265
-6.4962830904369255 235.82981300681982 2.8946261724932185
-6.466123389875229 235.99897628559853 2.8926199301229616
-6.456821716945484 236.1711017215825 2.913613553277216
-6.468800787611485 236.35488530433048 2.882606716959984
-6.4370908599109455 236.52460493797943 2.910600440685471
-6.4120047959692315 236.71931250200308 2.9945932257073196
-6.400025329186043 236.8884736032191 2.9335869418201383
-6.4148230706187945 237.06189317177999 2.9155804676159818
-6.411581460565635 237.2447522672173 2.909573655396784
-6.402984435906895 237.41780251348445 2.9145672090546952
-6.383394685126298 237.5865959046767 2.9195609277877708
-6.37803910605615 237.7753783890234 2.935553880719624
-6.3584493572004135 237.94343153323902 2.9425476182105967
-6.345483425915035 238.12851225788557 2.9545407067781184
-6.335195218085246 238.29452934124305 2.9565345017254003
-6.314337066850776 238.48645810495458 2.9705273317032663
-6.308135902763297 238.65673222720858 2.977520953235455
-6.297143024063843 238.84421896169334 2.988513928159037
-6.275016492784971 239.0185649132602 2.9975074038246987
-6.26881533192806 239.20049950717055 3.015500572257082
-6.255426603278089 239.3800275268703 3.019493833635792
-6.238232697148476 239.55455811240802 3.0164872812865298
-6.219347617046466 239.74223033899182 3.0384802303925085
-6.198066694656816 239.9156511931143 3.0554737142007866
-6.192429248311932 240.09110719017957 3.0524671015405858
-6.190174177840504 240.27618755614986 3.0544601177406037
-6.16706112015806 240.44831220574355 3.054453637255648
-6.151840293650892 240.6333935419804 3.0824466543606093
-6.12802257111607 240.81144072466716 3.081439941284401
-6.116606918410611 240.98097471711338 3.0934335344071258
-6.105754967639491 241.16457409123188 3.08642658788078
-6.078695823605045 241.3461388607629 3.113419728811536
-6.06305219090806 241.52400127358354 3.120412994122006
-6.045153640919295 241.6924243254631 3.1204066163607393
-6.022886177899196 241.87528371222322 3.12239968842583
-6.018939932198158 242.05111010153402 3.1253930055575267
-5.989766773825458 242.24359350583762 3.1233857070347995
-5.975673408930099 242.4046134633956 3.126379588433636
-5.963130292477807 242.58932415793373 3.1413725597446245
-5.933534359674937 242.77218380839957 3.150365612592367
-5.925501092662472 242.93727584415208 3.161359319041253
-5.906193208832654 243.12346649043945 3.1583522241651707
-5.884630401022406 243.30891646836588 3.1463451551429102
-5.8633494855074915 243.48289227219846 3.1553385198029673
-5.844041616892369 243.66408609505214 3.161331602197734
-5.808808419938025 243.83288017804955 3.1843251667432924
-5.803030057859452 244.00518988956946 3.1833185656038836
-5.776675572905425 244.19156603382453 3.191311439507672
-5.751448542966926 244.3688727442016 3.186304655387559
-5.729181122572548 244.547291245317 3.215297820771056
-5.712832816906868 244.72015523148514 3.189291188696515
-5.699021331012069 244.89042966967975 3.204284650133374
-5.65970108430686 245.0851349586236 3.226277187819335
-5.639688574879415 245.25152239899654 3.233270794241349
-5.619253253707335 245.43308623243334 3.235263811557374
-5.596844879064541 245.61427986510776 3.236256838944982
-5.576550496534914 245.78270276551356 3.232250352510974
-5.567530686415161 245.96593198274832 3.2252432791889447
-5.539203173241276 246.14064822587844 3.23723654611382
-5.512848707786688 246.31110719865785 3.2382299745257654
-5.485225865153097 246.48693431230149 3.260223188185037
-5.457321172602363 246.64980588573118 3.2842169014803346
-5.414618596248289 246.82803996678206 3.330210025075772
-5.405880633316265 247.02033742161376 3.305202570569705
-5.378257786704388 247.18839046879413 3.309196067378693
-5.356131287960018 247.36255078159414 3.3031893166717197
-5.337809978354706 247.54744688346904 3.326182140831051
-5.311596449226819 247.72993623429795 3.3311750602549353
-5.288765289897775 247.90798327239702 3.326168144734723
-5.228023390606225 248.08233039421685 3.3651613983731323
-5.226613928051762 248.25389885597724 3.3401547085846914
-5.214352682937992 248.44971376750073 3.3391470753547594
-5.169113324019513 248.61610155207268 3.355140611668574
-5.141913280725795 248.7826736859068 3.352134122186186
-5.115981628301185 248.9734921255091 3.369126679791947
-5.080466621604245 249.13358804917902 3.4071204408821245
-5.071305900098736 249.30996925815606 3.3991135409446542
-5.050306870029814 249.49282858290042 3.399106389413191
-5.025643615837957 249.66532360557633 3.404099642385617
-5.018878740241725 249.85743707368198 3.407092105070106
-5.002107723618614 250.02178986482633 3.4450856623534634
-4.989846477577622 250.2144578245054 3.4290780993615897
-4.990410079028706 250.4036098560601 3.4280706573599673
-4.991537473878786 250.54131110072097 3.466065234209424
-4.987168383506891 250.75378084343626 3.404056868789567
-4.955740437149217 250.92516778655863 3.4700501366782817
-4.948834652222736 251.08655788814147 3.472043774691329
-4.951935056055504 251.26960318042998 3.4940365466087115
-4.938828246507249 251.44654014248226 3.499029565665708
-4.931922459584364 251.62329222503308 3.50902258292669
-4.928117170260371 251.80985337033508 3.5140152070164277
-4.922056944540714 251.98549335050907 3.483008256888624
-4.926425709961627 252.17464502948593 3.473000759684737
-4.909231898296724 252.34917737269305 3.513993853438791
-4.896406953653056 252.52333781439825 3.5109869532884375
-4.873998615150128 252.70971378743698 3.513979570739153
-4.8460939449089935 252.88702157892823 3.53597254697101
-4.84003373121304 253.0721014838603 3.525965192687849
-4.814947738051195 253.23016188195544 3.5719589236498166
-4.786197453078017 253.41191048845542 3.5659517087382397
-4.766889619151669 253.58773609144004 3.5489447184548055
-4.744763163194257 253.7694854592142 3.561937487843707
-4.719536202597901 253.94457185466146 3.5729305195954026
-4.700510274966405 254.1139214433485 3.6009237732776285
-4.651183919802904 254.2975219597624 3.622916474367699
-4.642023214936167 254.46927600155095 3.6109096148886977
-4.618910243443615 254.6463985250598 3.627902545221289
-4.580435663692789 254.82111451628157 3.6328955768011326
-4.563100887853736 254.9943488358983 3.611888647856631
-4.5467526625917785 255.1749880506885 3.6328814192981156
-4.518425197517949 255.35451609568622 3.636874236029527
-4.485587903233807 255.53459933952024 3.639867029271329
-4.4617702673280775 255.6959887953658 3.6258605619659647
-4.424986872760918 255.87625695559439 3.624853340464526
-4.396659444709435 256.05782285710336 3.677846056080341
-4.381156828872889 256.21292067517163 3.690839822345481
-4.327320639055003 256.407254568992 3.6808320306609374
-4.311254287738301 256.5812306985391 3.696825029502463
-4.283208673374276 256.77001175583814 3.675817431688813
-4.254176567704533 256.945838561776 3.688810352107211
-4.218943456494301 257.1137071124441 3.7068035946478375
-4.172294851690253 257.2847223481756 3.7327967132827524
-4.158765274141885 257.4533303861396 3.7297899016007534
-4.1293103803418845 257.63322932675226 3.751782639172049
-4.101969472023946 257.80442945489347 3.7727757224229492
-4.0704005923436455 257.9826621860068 3.7827685170524887
-4.011913664777737 258.1771812442219 3.7747606639873084
-3.9876732854004473 258.3322799161327 3.808754384622034
-3.9611779427182654 258.51828484891524 3.789746845263764
-3.931582099110244 258.7029943389539 3.77373935672901
-3.9074826511226135 258.8732700486403 3.818732446127669
-3.86478014031141 259.06057155134994 3.8247248492009334
-3.80347461078113 259.2389898039618 3.8457176180908874
-3.7971325719913267 259.410743763631 3.8317106220197417
-3.76077202926993 259.5913836062173 3.867703275295895
-3.709049880809083 259.7662847684782 3.874696167726782
-3.70876792884183 259.92952516098075 3.863689501053102
-3.668884082902686 260.10627774493616 3.885682299405204
-3.647603252969091 260.2654460329196 3.866675803309448
-3.6111017768841336 260.4551544886117 3.894668063143172
-3.559661484424147 260.64190001678475 3.8826604435900975
-3.5385215952420523 260.8044000765563 3.8716537969488627
-3.5216096686383977 260.98078177836686 3.8756465723107993
-3.4758066850301645 261.1532772301364 3.8906395198221446
-3.4369093651746994 261.3252168293725 3.8906324812403597
-3.3939250236950116 261.5043751764956 3.9056251438633893
-3.371798640956257 261.6785376002663 3.9506179950671623
-3.350658748152476 261.86509818561495 3.9416103310144024
-3.3288141997788046 262.0462914401078 3.9326028835382942
-3.324586160044234 262.21452912111766 3.924595953735576
-3.305137488875168 262.3805478108907 3.9645891194152796
-3.2708909449750294 262.5528584022776 3.9845820285816558
-3.260602843516722 262.7373848441649 4.017574416590577
-3.238194557627679 262.929497094928 3.990566492231906
-3.2208598535611586 263.091257290241 3.990559815378518
-3.1928143016237556 263.2861468598138 3.9905517662435273
-3.1747749354928914 263.46549018272844 4.002544353521714
-3.147293147328419 263.6291028353668 4.04253758818912
-3.1448972311406607 263.8069651936488 4.046530218182539
-3.11036881027826 263.9933405280038 4.033522504857359
-3.112623645546492 264.16305868929885 4.021515459119286
-3.0910610076676974 264.3281523666158 4.070508613296738
-3.0783770583713874 264.5123076616176 4.079500965117148
-3.04962684882792 264.6975720586153 4.055493274995172
-3.0322921693726244 264.86507161963743 4.1004863123881705
-2.9936767582159476 265.03978905761505 4.1394790557666
-2.9818383893759446 265.23097632514214 4.122471093718474
-2.9580208513733837 265.3879266020737 4.174464561076064
-2.949987654836441 265.5598657254289 4.162457389394518
-2.9205328036627947 265.7353214899793 4.153450077855865
-2.8785350112096637 265.9387254257341 4.169441598240979
-2.8895276501159657 266.1001164393216 4.192434846356406
-2.8387920864278655 266.2844570565676 4.2074271565794845
-2.816101970603313 266.4610229718461 4.190419774151678
-2.799331010779575 266.6312973317097 4.201412649440101
-2.7821372415466996 266.8128606264409 4.189405045160413
-2.7500046930928335 267.000347073026 4.191397194258201
-2.727878320409239 267.1721019914726 4.200389993175094
-2.687994510310361 267.33885784247497 4.164383006463112
-2.65022469344607 267.5352287331777 4.180374767333831
-2.697155010125371 267.7066182690669 4.302367539184473
-2.6472650526133776 267.8681931730553 4.2973607592787175
-2.6182330397356424 268.04513248982903 4.357353320755635
-2.579476683448192 268.22761979125056 4.312345645416627
-2.556222840185285 268.4041845674809 4.268338209191995
-2.588073379882033 268.56168621099073 4.2273315507795814
-2.538465332366016 268.73159420524627 4.3283243957292825
-2.5019639296773377 268.9116793032814 4.374316802057535
-2.473354695765856 269.0976854548464 4.384308947765533
-2.4444636044891794 269.28165601989514 4.401301175768822
-2.4078212580420626 269.4539659729885 4.405293895201055
-2.387667948221477 269.64589537852964 4.431285772528668
-2.3305904529837136 269.82319914439194 4.356278276465218
-2.3229800858037137 270.01013176748626 4.391270349096146
-2.308604994203556 270.1702274439294 4.419263557912984
-2.278163670504746 270.3316187229837 4.448256714045897
-2.2589968993854512 270.5150355017545 4.499248925850566
-2.234474686148154 270.7051116434003 4.467240850000707
-2.214462323754006 270.86539236145865 4.494234035413768
-2.174155756627151 271.0384419988865 4.483226680437696
-2.136949707224133 271.211493386035 4.5132193189350005
-2.129903054530473 271.396017461231 4.48921145246365
-2.0903011636539546 271.5742511415213 4.520203860373812
-2.055209091734149 271.7380477899044 4.533196878610141
-2.048162452877719 271.9225734019031 4.545188997799386
-2.004191670593727 272.10099092549336 4.54718138395711
-1.9822062544133985 272.275706292569 4.5361739170515705
-1.968958623089435 272.4526442093087 4.562166346452102
-1.9413359481785832 272.61940266401416 4.5871592124076415
-1.89144604772342 272.7994876272112 4.629151507848519
-1.8645280243546765 272.98789996910233 4.642143435438584
-1.840992372746932 273.15262181481125 4.650136372038588
-1.8121013123788003 273.31900964077465 4.664129235650819
-1.7874382032996863 273.50390550238467 4.67812129716026
-1.750091233198475 273.65900226603077 4.665114638094792
-1.6965370886230318 273.87961703576025 4.642105160066933
-1.6659548514529448 274.03378900048773 4.643098530892786
-1.653975645609492 274.1740845975018 4.752092490155917
-1.6277622743639881 274.3702677786455 4.706084039250982
-1.5947841869461072 274.54831355623435 4.671076367453736
-1.5580009556107726 274.7333949321124 4.695068387376182
-1.528405252824001 274.8986728865322 4.723061256089096
-1.5148757864547093 275.0545137794701 4.7980545230070675
-1.4859847285477414 275.23922296923956 4.775046542418039
-1.4424367755678347 275.4224533298822 4.794038624567719
-1.422988168784677 275.59013833407596 4.8450313673946255
-1.3924059332854597 275.7781790556928 4.824023227064998
-1.3580185383651369 275.95270795731955 4.781015666296014
-1.327436327147666 276.1128047104145 4.833008726513214
-1.2796604349761935 276.3038097543358 4.882000446670361
-1.260775548143961 276.45538960539596 4.859993864834962
-1.226529099562562 276.6386193237345 4.863985907670127
-1.1993292452803317 276.8249961043166 4.883977806029662
-1.1660693276492111 276.9936052597044 4.905970474526669
-1.1412653152406094 277.15666135360686 4.912963378802942
-1.1092737863547484 277.34063266021633 4.945955367607951
-1.077423185906305 277.52478822101295 4.959947344819568
-0.9962464694834807 277.72097155405567 4.917938796279856
-0.971865257628771 277.8914310384051 4.928931356568484
-0.9784890425033836 278.05800768535585 5.027924078542043
-0.9284582571462252 278.21939810143556 5.035917032241429
-0.8622203141258282 278.40336587033346 4.9879089928624865
-0.8399530799756718 278.5967748416555 4.987900531087405
-0.8152900158818923 278.7466915945307 5.0258939666071
-0.7907678763644199 278.9278850435228 5.020886029599296
-0.7525753737431771 279.0983478663677 5.1078785592918905
-0.7149465867377387 279.2736180867239 5.087870871137511
-0.6929612249868455 279.4457432589777 5.097863318099428
-0.6656204619102013 279.60880085581556 5.138856156769748
-0.5960001813544551 279.79110470098044 5.131848150231434
-0.535258601865749 279.97544319565475 5.0968400466225035
-0.5152462897236916 280.15552792601466 5.131832123107159
-0.5101727366047228 280.3128458373991 5.122825193994743
-0.5094680731887706 280.4599874581527 5.184818708268068
-0.4401296700431061 280.6485852265649 5.20481039780276
-0.41321170808083707 280.81534210350844 5.19280304281952
-0.35599343336497213 281.0137485595977 5.199794285124057
-0.32118330315260835 281.19568481118847 5.250786249529796
-0.29215137130645275 281.35337536018716 5.297779278834213
-0.288346212554643 281.52975938470604 5.352771477511055
-0.22154458772257613 281.72612491598863 5.245762788886907
-0.22563160393325887 281.8840021890005 5.329755796696816
-0.20716954980247948 282.03650730509617 5.304749038616279
-0.196599668652631 282.2425006455076 5.279739904836617
-0.18729817510806868 282.40870379085027 5.301732529318883
-0.20449183480001665 282.5639867967077 5.314725635334355
-0.23338281954526963 282.77424111977626 5.382716292175104
-0.25691840298564017 282.9328569984887 5.427709241419365
-0.28665497408063345 283.10738712278606 5.412701475563381
-0.2977885659152477 283.30616272837403 5.396692628175259
-0.32146507727306073 283.44904660262404 5.437686263273406
-0.3526109628900258 283.62802030536034 5.459678284447648
-0.34556437281678143 283.81661751601916 5.466669876909634
-0.3736097610989262 283.9855967907151 5.486662335114346
-0.39150806898962287 284.1777098628884 5.478653757638341
-0.3900987437968553 284.34872506672764 5.499646115326044
-0.3838977485063353 284.5199278104872 5.5756384637262215
-0.3545839617504072 284.7129671341253 5.586629829434571
-0.36289892071378915 284.8795403247396 5.605622372006678
-0.3500741319003353 285.0677653654703 5.5676139421972834
-0.33443071412889225 285.23341176290444 5.555606520140174
-0.3247064266213542 285.42089917068233 5.577598112060542
-0.3321757994402361 285.455139309695 5.5835965760786905
-0.3282297144118971 285.46920479089476 5.5695959454166655
-0.2646695531195107 285.7466445389351 5.664583495261098
-0.23197341545826333 285.9256165007434 5.647575456919924
-0.19011672375089006 286.1151387622861 5.646566936793619
-0.16672207505623504 286.28078642059324 5.662559485997406
-0.12190582799073013 286.44606585460707 5.7215520498191665
-0.08963249027161879 286.6339228027465 5.729543590551742
-0.07060672381157929 286.79734972532185 5.750536225742337
-0.019730422385315194 286.97354665486733 5.759528281333957
0.01465688425810896 287.1351220085638 5.763520991202029
0.03523289449697842 287.31853861130503 5.806512711426336
0.05975498669672419 287.4840007897177 5.813505237872619
0.07976726895424946 287.667600395924 5.8104969383811635
0.10710799136365523 287.8254732855411 5.795489799681519
0.10696705656073391 288.0142562277591 5.816481255407183
0.17193650691328344 288.21192737980743 5.933472304314847
0.18983481029137295 288.35647180951605 5.859465753807456
0.19237157259572513 288.5537686787868 5.885456809664703
0.20984708478673042 288.7025759436259 5.943450058051326
0.24338878828756094 288.8813644621669 5.96244194144046
0.28031284770964504 289.07551324655765 5.950433123092239
0.30483493373503734 289.228762081423 6.000426156879286
0.33499427657386605 289.40014743378435 6.0204183624204575
0.34683251598720233 289.59003850475045 5.989409722798484
0.3846021586779145 289.7556846806689 5.9724021778778535
0.34218175331790945 289.9248441445941 5.884394474274416
0.4149024192250721 290.1173328115912 5.995385697203005
0.4041916164668464 290.2515160043049 5.993379576923843
0.5184870754902491 290.47583796297886 6.0923693325894135
0.5711954544269986 290.6564775279583 6.11636107812302
0.5917714456956631 290.8171282243258 6.136353736602558
0.6188302858299366 290.9936966621555 6.174345659774701
0.641520245674414 291.16952294759847 6.1723376137054515
0.6663241737466379 291.3360942982819 6.150329985541305
0.7008523852806476 291.4965617987808 6.21132263347215
0.71494552103605 291.65147423092037 6.214315532990639
0.7491918563620672 291.8469187665743 6.206306565992861
0.7715999530136131 292.01349282462445 6.243298920720207
0.7934443161969824 292.2159718393611 6.266289622177084
0.8299455586538613 292.3756974663485 6.293282280459579
0.8582727672415089 292.56577559229953 6.305273540434115
0.8400925824280279 292.75307649489866 6.295264926808414
0.8551722343654973 292.92224044264833 6.3052571384963585
0.8441795596343695 293.082890137007 6.303249741418682
0.8295226672352243 293.26167830870077 6.3142415043022595
0.8159932338554867 293.4504633129866 6.379232803470501
0.8040140370193498 293.6396150680386 6.370224077845421
0.8035912249798187 293.8339509674488 6.40221510703995
0.7906255166984621 293.9890492222894 6.42120794374344
0.7897799081615275 294.13822277884634 6.3942010489112135
0.7796328304263511 294.30701804879544 6.436193245386477
0.8020409119647312 294.5026478541127 6.432184189443461
0.8127516878018426 294.689766458624 6.482175525011087
0.8354416367158635 294.8448650472468 6.508168335956526
0.8665874732716361 295.0247652459116 6.552159993481297
0.9026659004409083 295.2315006220053 6.56415039819953
0.927610751593285 295.38863528498393 6.594143101706663
0.9552332888654718 295.5794532370258 6.595134235747452
0.9615751791461093 295.7288112225135 6.554127295103882
1.0506438287573658 295.9122286173691 6.6121187530440295
1.0803803403521783 296.0756555532844 6.6321111454873005
1.1067344981897023 296.2207592513982 6.646104386894848
1.1313974727160527 296.39269932833315 6.654096376045317
1.1635298024276253 296.61275975609067 6.650086114239201
1.230613138310126 296.7669329636632 6.676078913570933
1.2561217103354068 296.94831559641545 6.758070446139811
1.2900861462410447 297.15986289024556 6.766060562219195
1.3295469093815555 297.3010775249153 6.729053957059222
1.3519549795095145 297.45747183462163 6.758046642371568
1.392120407316682 297.6134956142238 6.779039338334968
1.432003967656641 297.8094980741619 6.828030158222731
1.4259438744667605 297.9834718389218 6.789022014165312
1.4507477704824225 298.10451288978373 6.756016338887434
1.4577943018698463 298.3077315143936 6.763006812535451
1.512334730145362 298.5085479043945 6.850997380943028
1.5090932897522293 298.67938050917036 6.922989365309633
1.5079658081327167 298.865942979797 6.952980604405525
1.4968321964739388 299.0312200287634 6.957972842115566
1.4518750532071607 299.2175966627941 6.9719640901682
1.4393321251491784 299.3997157949505 6.971955525637128
1.41001836944546 299.5870184471355 6.998946715682536
1.3591421183640549 299.7498901511968 7.018939055744056
1.3171445381195355 299.91905308424066 7.0069310937349485
1.2253981896807034 300.0861800775017 6.993923231765052
1.1607106720920513 300.24997704265735 7.010915515938848
1.0924998776923047 300.4026699873916 7.044908320153695
1.0066726565852093 300.5759047794145 7.034900153446188
0.9178858866936608 300.7226739214153 7.042893230593933
0.823039074446072 300.8968368124956 7.0898850103396
0.7537008393936162 301.04434708622426 7.114878040780695
0.6523711862479544 301.1790843486125 7.087871675819258
0.5775366346847406 301.35916986936 7.135863156221376
0.5069300219717405 301.5087152759664 7.144856076767525
0.4526714481756926 301.6617764999995 7.138848825101405
0.4305452161939698 301.84815201417405 7.1288399890562175
0.4064459520931507 302.0287928838358 7.178831417661826
0.40545942591680983 302.19777326171175 7.219823394196965
0.3851653078495687 302.3791530802306 7.240814777491494
0.37290427221356737 302.5799650601002 7.234805231778637
0.3681125985310274 302.7576417492003 7.223796779667055
0.35486504965118826 302.9166288373584 7.2867892129561085
0.33386627356400567 303.121512016669 7.268779456837478
0.3323160240508116 303.2840140184226 7.2977717123334
0.30610279427602904 303.46039666935354 7.318763305794249
0.2824263286158555 303.6478841018744 7.338754360877658
0.2250672831831153 303.82944800335827 7.338745696138858
0.16728544638164067 303.9839900692486 7.336738315417534
0.12007346197222546 304.13316676250673 7.375731189306151
0.03917889815380704 304.32675998661944 7.35672193290381
-0.039319829640064086 304.49277708737714 7.35571398973272
-0.09174626614141346 304.63399633215215 7.415707228642958
-0.17813714101147582 304.81963292150317 7.434698336324715
-0.22549004623615332 304.99027871421777 7.4686901581509915
-0.3030022461173374 305.15944367631334 7.49868204378231
-0.3827693374295862 305.3173148932973 7.448674465790248
-0.4430879102584697 305.48333180985435 7.4436664927776235
-0.5224322056066626 305.64379693766944 7.451658780161779
-0.5692213773269046 305.80056156137755 7.482651244937955
-0.64490145069135 305.9700950077858 7.477643086699828
-0.7270643585266825 306.14018364956866 7.471634896138681
-0.7730079342628855 306.2954670087306 7.489627416336873
-0.8474196197186785 306.4711097496843 7.51861894906159
-0.922676887288489 306.62842760200994 7.507611359132255
-0.9770763342705422 306.7763080376845 7.53160422322938
-1.0767146940691106 306.9560195181368 7.497595539491698
-1.119839636024949 307.1275912141735 7.541587251998038
-1.18607729363697 307.2950894575072 7.5505791539460745
-1.2747230080199543 307.46758352579576 7.531570803136418
-1.3739385762332077 307.60565437328626 7.548564107904468
-1.4824555963714872 307.76093751278023 7.561556575265456
-1.5478476602682036 307.9282521807313 7.601548464290744
-1.623950484037394 308.08131260897073 7.578541036189364
-1.713582703193559 308.2482551870622 7.5785329274838205
-1.8119526607115333 308.3955796295229 7.586525759902315
-1.8805861225474274 308.53272323571525 7.565519090961089
-1.9541521803316613 308.7268748697562 7.611509652552968
-2.025181477436618 308.87512539056524 7.633502435467875
-2.0718296828895717 309.0346675630301 7.691494672863428
-2.188379715034472 309.20771436191103 7.620486226421377
-2.2823807783445815 309.3548528079872 7.609479042376847
-2.329451765375282 309.52161273372616 7.659470915414062
-2.41964767922903 309.68096702475805 7.659463128118745
-2.508997980398057 309.83957826948176 7.603455370088369
-2.5786179550175348 310.01207633488747 7.666446939264375
-2.648378842536083 310.1701357418676 7.680439208795207
-2.745903147114255 310.3296731699812 7.640431386824332
-2.823697108139058 310.49069416086235 7.6604234980675585
-2.887679816762784 310.6426465473105 7.687416053433225
-2.96927891998579 310.80126223141417 7.722408269094075
-3.051300795295944 310.96876006939726 7.722400047211011
-3.128390071713568 311.1288540034034 7.70839218288387
-3.215485461505189 311.2993131807722 7.7093838023835985
-3.295252455069104 311.44830498078693 7.750376470466904
-3.3496518169023446 311.61284225885856 7.765368384705937
-3.4380155797170247 311.77663854452487 7.766360313428663
-3.513695563542754 311.9163759844965 7.80035342457532
-3.597408568670616 312.094977334076 7.773344618564977
-3.678725765078852 312.2472984838837 7.771337100164402
-3.7604657650674014 312.41646352708165 7.80132874917328
-3.834031751940529 312.5763741051206 7.822320850766346
-3.8954776462341556 312.7440573192553 7.82831257384106
-3.986378151068955 312.88286711554565 7.816305693297892
-4.060085033287223 313.0788677453751 7.8242960051458965
-4.140274777789543 313.2100900264654 7.8282894952690185
-4.2100356408720145 313.361858989403 7.888281975905869
-4.303754737618625 313.5447186284108 7.890272904160554
-4.364636889172324 313.6924121751359 7.876265584456348
-4.428196749581389 313.86842579239305 7.918256861285045
-4.4923202771132225 314.0494329352165 7.886247884467963
-4.529385068587132 314.2276664710425 7.907239058067489
-4.585334595363435 314.38849968841794 7.872231073193973
-4.608165353540784 314.5800605428207 7.924221587485846
-4.62944585702995 314.7414511560943 7.93321359053985
-4.655940812502195 314.9204253078474 7.9602047172406
-4.690609783011212 315.0831125343584 7.990196636022375
-4.718091244437218 315.2624562073588 8.00418773232434
-4.752901119735171 315.4403191418795 8.016178890870322
-4.798280814868242 315.6220681795986 8.01616984385717
-4.827312536558402 315.7867913930693 8.04816164838158
-4.888899313732878 315.96261836526867 8.058152872493622
-4.932024116117532 316.14418311760915 8.074143821314806
-4.9985434826024715 316.31945510142066 8.089135057483304
-5.070840993807202 316.4730702901413 8.056127361120247
-5.13919246526963 316.632425208378 8.068119379266932
-5.203315988848281 316.8088075770477 8.08111054621304
-5.266875800341417 316.95890822216563 8.088103019078943
-5.361158555194493 317.12529507477774 8.077094649041072
-5.448253835996574 317.2972354811995 8.089086003668541
-5.505894553254876 317.4462266911605 8.117078522952085
-5.569454334402415 317.62631057409146 8.128069480005138
-5.635691834166714 317.78807249611896 8.15906134445899
-5.671065442583021 317.9407656511549 8.1940536851518
-5.723350733782418 318.1128907222952 8.198045035153314
-5.791138403188242 318.307224609051 8.185035255125882
-5.863435853347205 318.4897122993324 8.151026056955601
-5.905574131604922 318.6470319779413 8.176018140712642
-5.955745471290022 318.8073126991996 8.196010064888583
-6.008030761283642 318.98277002218975 8.216001222627938
-6.064543950218322 319.15359858312627 8.200992602639417
-6.118238518176781 319.3259078363278 8.186983906349099
-6.182080159456483 319.50469747316805 8.223974868222683
-6.229855644036704 319.6684941247219 8.231966595175834
-6.2687524887610095 319.83321682750346 8.25295827850303
-6.324842896005279 319.9938667673598 8.253950145326911
-6.38657048261971 320.17561382350686 8.213940941643983
-6.4274403696546045 320.33589520297494 8.246932831658086
-6.48789966050704 320.5128343447602 8.289923860857328
-6.549486319391804 320.7008749925285 8.266914322997195
-6.582604934705763 320.87096296191737 8.246905712203983
-6.6347493098030625 321.04179515275695 8.303897041959374
-6.694222044236881 321.19763280662755 8.300889116123358
-6.7397425795151165 321.369201532181 8.282880403918739
-6.821059608387451 321.5455838459122 8.293871405489938
-6.847836361561271 321.72974060332353 8.326862067698784
-6.904631429065702 321.88187786262796 8.347854311761978
-6.934649546989462 322.0686238281485 8.342844829357801
-6.977069606791844 322.24482057494515 8.34483586161528
-7.003000733145591 322.4336028800353 8.348826268731386
-7.020757952758608 322.57852338660973 8.397818903751954
-7.080935251769468 322.7536070314378 8.347809958482884
-7.101370126015787 322.8996366584753 8.369802525578251
-7.130260787453949 323.12543622796295 8.396791031495894
-7.178459079840266 323.26480369791284 8.432783898301466
-7.210873033496249 323.45469710540965 8.448774211532793
-7.248783305762295 323.6397787832042 8.47176475663278
-7.300927549546941 323.8176397425672 8.44375564742117
-7.343206669204967 323.9880991531138 8.448746921024508
-7.36096381391139 324.15800365461513 8.46073824646109
-7.405356918129556 324.3343869172112 8.490729206191588
-7.430160617703649 324.50188579086523 8.510720637000333
-7.484841563809269 324.68918432437783 8.452711018885736
-7.525147726368061 324.8474315382988 8.518702892636696
-7.561507751017331 325.0225187244136 8.538693910293262
-7.598854214131727 325.22147904665724 8.514683698628431
-7.642965454530213 325.38971877679364 8.544675044633493
-7.678057084152371 325.55481064660796 8.545666556300063
-7.718504127777159 325.7139814851324 8.57665836077922
-7.75105892621405 325.9216407374196 8.555647687941274
-7.79629761684123 326.0676702519239 8.574640151023829
-7.851683318616303 326.24275813180327 8.607631108850796
-7.859857135961214 326.4228421117722 8.620621861403464
-7.908196210012072 326.5997776117539 8.591612721029577
-7.966400450289633 326.7887441722717 8.578602947820059
-7.996841335706868 326.9543908694941 8.57159439981453
-8.03616090616486 327.1433603926512 8.616584636090636
-8.079144642750727 327.3066012144385 8.612576188128827
-8.122974039409584 327.452261708673 8.653568635522163
-8.131570584920546 327.6715820844573 8.653557333578533
-8.154683100293646 327.8429682818277 8.685548477150519
-8.210209657077165 328.00176610513114 8.660540221100746
-8.25728046193398 328.1742646191176 8.727531265805595
-8.288285001770262 328.3495336502871 8.684522182136789
-8.308578838317885 328.53535442328325 8.683512564283092
-8.357763575004668 328.71062827539095 8.73350344670186
-8.40243846220767 328.87146269508736 8.722495076178916
-8.461629205375942 329.04987987987585 8.71348577467893
-8.491647345304322 329.2094212547321 8.751477481966646
-8.496579726432266 329.39838910547 8.764467695944347
-8.529557416072528 329.5775501065107 8.823458373204886
-8.575218756157668 329.75300448893586 8.78544922134546
-8.620598248204153 329.92957002520757 8.760440007873711
-8.653998706511935 330.09929068236704 8.795431158521382
-8.685566973629463 330.2784475368342 8.77442181815573
-8.731087519116336 330.4352134592664 8.826413616505704
-8.764487855707202 330.6341736690795 8.800403235644808
-8.806062243995122 330.7929721483114 8.78839492450632
-8.83157056061846 330.97046628722535 8.82538565851948
-8.898371567146164 331.1411106772326 8.827376686713393
-8.904572391447111 331.32138220044374 8.887367294168513
-8.944455603772226 331.50294662335773 8.895357781337452
-8.96545405424957 331.680622978011 8.877348491774569
-8.97165485107346 331.84997335132715 8.91033965205267
-9.007169263182796 332.02654252679656 8.955330390433886
-9.01280623158997 332.20551364358573 8.922321040217014
-9.032818183239407 332.3870775724678 8.92131153037215
-9.0471928810178 332.57530397648065 8.912301672679945
-9.025489422711402 332.74169444556014 8.972293005077006
-9.050152096904554 332.91270863859154 8.968284024075757
-9.049165365324605 333.09871494721585 8.976274290493222
-9.062553653789259 333.2569608775002 9.01626598501963
-9.081156251926558 333.44518644959953 8.991256096527422
-9.082424454810884 333.6243460426824 9.023246702873394
-9.086652208270259 333.80054435363115 9.055237456182937
-9.08270593070936 333.98673574441784 9.06322769055231
-9.104409062011392 334.1555291794989 9.063218797852869
-9.116106204282438 334.3128506076433 9.120210516852069
-9.121602199834214 334.51902844426616 9.08519967162303
-9.109059245163557 334.6831978774368 9.143191055206103
-9.139077286141614 334.86124571870437 9.150181645717993
-9.144150494528766 335.0650176118311 9.117170911191806
-9.162189374093415 335.22899695036745 9.07916224649614
-9.153733360504354 335.42574019302964 9.130151890716206
-9.159370411177086 335.5850951903948 9.143143478697937
-9.2054545292238 335.74963069966424 9.122134733327243
-9.206440847000877 335.93970974163585 9.148124698530182
-9.21672858039291 336.1107242371364 9.150115651075879
-9.227439076609834 336.2843289104055 9.13410646296137
-9.23011654030941 336.4731115463601 9.144096478287253
-9.255061043675099 336.65189891288037 9.136086984486127
-9.249846397071344 336.8403116975194 9.152077022345765
-9.236457804165262 337.02317311796094 9.188067356409448
-9.253369231430888 337.204550859044 9.166057722122275
-9.289306424039601 337.385933078631 9.228048054086912
-9.251536777458227 337.57971316157233 9.244037829654388
-9.322142836461872 337.74665538120485 9.235028869353073
-9.396272187831705 337.90600999634944 9.23902029943153
-9.410224097222937 338.0896099750367 9.241010524243336
-9.458985902014746 338.264881587619 9.24700113806972
-9.50507011600773 338.4186862541932 9.297992890607873
-9.56567008437493 338.5843328991493 9.288983986884546
-9.596674649537569 338.76053106695883 9.31697456250501
-9.636557779436295 338.9354312859644 9.299965187885306
-9.705613654903324 339.0881242814295 9.327956947057089
-9.745496807219034 339.27172461822033 9.335947097821531
-9.805533055390647 339.45477016763243 9.351937243079362
-9.834564547812477 339.6272653393635 9.353927993667583
-9.86641458323782 339.81549070400126 9.324917894455865
-9.90798890363152 339.992243012904 9.331908387240475
-9.97267589166134 340.15733624253994 9.356899464259783
-9.997056692242822 340.3246497985106 9.370890478283712
-9.9971972962989 340.5260154591631 9.334879702936405
-10.019182309863005 340.70091891997333 9.378870305722074
-10.039617047678014 340.86545610443386 9.389861461509668
-10.056951283746677 341.0366554856992 9.387852260599715
-10.074990201374284 341.21655510055103 9.412842586696883
-10.088519348602574 341.3864602562878 9.435833451744344
-10.12375176156668 341.5646927769859 9.434823829698757
-10.119523524459147 341.7640229174746 9.405813133011947
-10.135166582678657 341.9330010639003 9.39880402916063
-10.156446901774153 342.1132709016488 9.424794305841516
-10.164620634047452 342.28909728477186 9.422784836152488
-10.186746510510119 342.46714524635024 9.43177521865448
-10.21140921816226 342.63446074957517 9.481766171449266
-10.22028760599472 342.8069556850288 9.479756866349106
-10.23297114131146 342.9855592545025 9.495747221992929
-10.256506305173929 343.1724909771473 9.50273710293365
-10.269330799536505 343.3470236413861 9.534727667241214
-10.289483609761511 343.5202581607233 9.518718283149155
-10.285537291547229 343.7177394363955 9.52570762520719
-10.314709696113177 343.88745857372004 9.530698407214686
-10.336835577769484 344.0745762960497 9.554688255106129
-10.346982336220577 344.25577045324076 9.560678437814857
-10.365866821286893 344.42586028095826 9.575669202597993
-10.377563780787597 344.61575246731013 9.56765890004732
-10.38320078544264 344.7891736696889 9.581649495935324
-10.397152683728493 344.9640753149922 9.591639992224003
-10.41801014563476 345.14378819490037 9.585630213705343
-10.427311329026189 345.3201703682162 9.593620627046732
-10.462543793268956 345.4897062296781 9.631611366830356
-10.473395189604929 345.6696043941828 9.629601576313291
-10.520324873572498 345.835993309248 9.656592457756005
-10.5596442145239 346.01403978453345 9.637582713353822
-10.596567790590377 346.18394423600535 9.646573409658316
-10.648711863221237 346.3594013453491 9.659563774409918
-10.696487073252428 346.53208169649974 9.662554291800461
-10.749617704828609 346.70124737723313 9.699544987605293
-10.77695792039934 346.89317492983594 9.681534479803759
-10.83192061014934 347.05771224076693 9.693525413297607
-10.867857696264686 347.234281013584 9.7285157195941
-10.915632899339592 347.41603080595485 9.74050571651182
-10.97623276971305 347.5763100210844 9.729496860222156
-11.01372009214625 347.7402928870732 9.75648783455884
-11.050502703488334 347.9105669645054 9.755478462079992
-11.09560019898823 348.0788046183012 9.74446918363617
-11.1554954815075 348.2520424238003 9.787459599604574
-11.197351592748483 348.423797480595 9.792450123736614
-11.235966245147104 348.60776669785764 9.776439978484092
-11.307840537807024 348.79340311317634 9.786429678286481
-11.350260400678607 348.9449845613493 9.794421289852409
-11.372245359702632 349.1110035207055 9.825412143909574
-11.42255722956255 349.30459721531577 9.81440142981586
-11.446797032146648 349.4669130870018 9.818392471879974
-11.473573586841994 349.63977926703484 9.835382927186288
-11.508946897396434 349.83541124552426 9.86837211130478
-11.52402625498732 349.9906949792568 9.889363544339886
-11.558835798031467 350.1722589146656 9.887353490960294
-11.565882077749578 350.3651145354261 9.918342861509927
-11.581947847432183 350.52668825914685 9.889333932528757
-11.589416934249776 350.71454698353944 9.925323566098484
-11.612388281640555 350.89685028680935 9.906313473769387
-11.635359711649699 351.07027187432504 9.926303865521959
-11.658331103396328 351.2375843712291 9.920294589486701
-11.674255940545073 351.4322891608973 9.921283808643352
-11.679470126620046 351.6134843264805 9.94527378877595
-11.700045717438272 351.7909772992575 9.95826394087581
-11.724144590253886 351.96051214795625 9.977254519609517
-11.76769180260402 352.13633815965363 9.96724471148093
-11.784180422705262 352.31401670788534 9.989234845129346
-11.827868620763944 352.48392169636736 10.007225354066776
-11.886636346554909 352.6588232738786 10.01421555347784
-11.931029103639894 352.84223714751664 9.996205300934093
-11.989233109894116 353.0093652324005 10.001195921061196
-12.04997393398763 353.16242864529823 10.032187314247494
-12.103104362331955 353.3475080919475 10.011176936406855
-12.158771617599768 353.53036885232495 10.03116667373095
-12.187662111928631 353.70508625033017 10.055156909345897
-12.208096761512863 353.87776708314937 10.067147267346968
-12.211901549367006 354.0637722401294 10.053136912046085
-12.221061777275729 354.2358981481633 10.071127313795245
-12.218665692842585 354.4050620239614 10.076117898591747
-12.219651929598946 354.5908837673269 10.092107542895604
-12.20527675194537 354.7750395936339 10.10509730514974
-12.211900161222559 354.9462379779812 10.085087743911316
-12.216127818493923 355.129839263512 10.110077490016096
-12.464586749345543 355.32136881647693 9.587066316817555
-12.227683584949297 355.483159632919 10.139057738074769
-12.223032547618935 355.6682392616476 10.12304740394623
-12.221763919583516 355.82629819912034 10.12603856817961
-12.233883644348687 356.0165617295514 10.139027902994997
-12.234024285705445 356.1999769279092 10.146017636099941
-12.240929611127243 356.3696962341792 10.15400811914671
-12.232896316158318 356.5690298567838 10.187996967121649
-12.226413214002385 356.7389329899062 10.173987455193611
-12.23881483523784 356.8906990442684 10.173978921597069
-12.229090335007918 357.09854553217053 10.192967277867098
-12.222466362187497 357.2691907823453 10.210957710115963
-12.233881436377267 357.4466832560786 10.214947720250052
-12.234444837970173 357.6332440399008 10.207937235996667
-12.236699489372228 357.8024090002551 10.231927719611662
-12.259811755124495 357.9885999428949 10.229917201822076
-12.295607734034427 358.1659061949078 10.212907154872312
-12.33436331781784 358.3341450834805 10.223897607421918
-12.403841726074901 358.5044204713312 10.244887881454588
-12.452744281392185 358.67673109533325 10.254878073848573
-12.516867294570794 358.84496940751296 10.254868463106902
-12.580567573287617 358.99951277701695 10.272859619209157
-12.641308284635613 359.1714537681241 10.291849797019864
-12.720933603857794 359.3485758069893 10.288839636873803
-12.7737821867645 359.50904049691246 10.284830467039455
-12.830858714107258 359.67968614800907 10.307820707539292
-12.872432882794506 359.8614365498894 10.329810347619599
-12.908369780885089 360.03133958267733 10.31280066316657
-12.960795515927664 360.20438901378446 10.295790762239648
-12.985739910193281 360.3866948009912 10.320780388855724
-13.029428059524832 360.54660553711796 10.339771239546508
-13.067056154912436 360.7287256461972 10.353760840552468
-13.095101039522518 360.8964101365586 10.379751273113499
-13.144144424243699 361.0785285651788 10.363740839675785
-13.183463664790622 361.2541701794495 10.365730789201734
-13.206294062861438 361.43888116412194 10.375720252133362
-13.266611938819302 361.6036033488554 10.382710767425635
-13.284087009625956 361.778875446142 10.396700768146985
-13.300857449926696 361.9541481694581 10.42169076365812
-13.331157152301117 362.126643399699 10.423680885153033
-13.366953157458902 362.2980287848186 10.436671054695552
-13.387387693201212 362.480887825394 10.42666059756317
-13.418955813462787 362.65912220884456 10.457650374627747
-13.436571785768244 362.84087184600673 10.466639974190883
-13.471945006499652 363.0031881156505 10.476630642120853
-13.492520465948843 363.1951164451149 10.472619646136565
-13.511827587642586 363.37520001994324 10.475609321335156
-13.54255010078817 363.5378863281045 10.48359996377934
-13.567776293753745 363.7283350532877 10.497589026109637
-13.60216299228955 363.89712937047614 10.511579301890578
-13.622456614813082 364.0729556953902 10.507569200409677
-13.643032102543884 364.25451997439677 10.511558763284881
-13.665298765920667 364.4290511965055 10.515548721216845
-13.703349642363321 364.61061665548317 10.53953823831256
-13.71321445736779 364.789405281776 10.553527969036935
-13.74210485607928 364.9541272489492 10.557518461130826
-13.775364080123666 365.13162018469905 10.568508206185498
-13.791570686657174 365.3128132065541 10.5534977710264
-13.825393656318802 365.48919635030245 10.576487568004097
-13.848364954559031 365.67002043064105 10.582477128417565
-13.858511593788428 365.84455111638204 10.577467072158782
-13.885147105225371 366.03166903591614 10.602456253099206
-13.901917482255953 366.2087915526263 10.60944602516625
-13.926579954168133 366.37221760694047 10.607436562522906
-13.957443377759887 366.561556907173 10.639425590884088
-13.975482103921259 366.73127528340876 10.630415770059187
-13.996903196164027 366.90580714605767 10.645405660867311
-14.021283782924257 367.09699614721865 10.658394579888949
-14.040308987166014 367.26949009961504 10.638384583889291
-14.07060866332781 367.43994968778725 10.644374675219836
-14.07850043981476 367.63558134501176 10.670363356708634
-14.118242441804888 367.802709502522 10.67635360926596
-14.128530022263 367.98668033894353 10.689342950268923
-14.15150135621517 368.1615828325441 10.712332781632824
-14.188706556449027 368.3333367855442 10.697322758340903
-14.21491922992395 368.5087932545333 10.698312540438053
-14.22788443955487 368.68554450891935 10.686302271183166
-14.257197592266955 368.8689603166063 10.702291576230834
-14.257056398045059 369.0494159999769 10.739281112554039
-14.256774289931982 369.22450446422397 10.778270953995417
-14.31540085321005 369.39459244304476 10.758260950850143
-14.329634431952336 369.5744903019638 10.750250472195717
-14.33625790800523 369.7403245810794 10.786240822367205
-14.378254677256663 369.9355838316163 10.77222937828168
-14.388119493266018 370.1040080252193 10.78721956064851
-14.426593105593689 370.2685449444449 10.791209902035519
-14.440403911467769 370.45695749868116 10.80019890271663
-14.476622603468321 370.62834181163976 10.794188838858588
-14.492829215792469 370.80379803219756 10.791178579415828
-14.507767490537681 370.9905455644174 10.812167661108731
-14.529470441860632 371.16396748600573 10.836157495896487
-14.55554220248034 371.33831429426925 10.851147264216223
-14.55483712720158 371.52154234943674 10.822136569160108
-14.590914913496732 371.6994055919141 10.835126100002725
-14.624174104098444 371.8665339245713 10.844116257195026
-14.620509632920552 372.053282185845 10.878105347315511
-14.661379047129032 372.2168937702281 10.883095685437553
-14.68153164321032 372.4032689946928 10.867084732101944
-14.70112060942332 372.57169280676635 10.875074827872538
-14.715354199633055 372.75769932099684 10.884063900169053
-14.74537197239954 372.9316754549939 10.890053636178237
-14.760592028942156 373.10768603958945 10.872043282861057
-14.753263484247618 373.3016556098969 10.96003192209082
-14.760309598401058 373.48914182008343 10.953020902179503
-14.817385822510872 373.64590170166315 10.894011566767887
-14.81682182942368 373.83672245831906 10.940000359900694
-14.835565222540247 374.00958879434717 10.957990156923671
-14.859241079840395 374.1878205390958 10.942979622046494
-14.87206534792709 374.36975469384686 10.941968890229646
-14.884185082503883 374.5453987581849 10.985958524587659
-14.876574643772862 374.7384420671468 11.058947176262961
-14.910397409779662 374.91815329813903 11.023936509730618
-14.957185689725016 375.0762078276584 10.949927084381557
-14.982270936041232 375.2594394014386 10.979916222504357
-14.981002257070692 375.4426706877516 11.005905414553041
-15.083739786646653 375.57018644316565 10.921897648584064
-15.158573000167394 375.73564147044874 10.800887700910977
-15.07035068343356 375.95330382164764 10.932875054196785
-14.954365258165907 376.20372964538706 11.136860524751796
-15.091066943541506 376.33032082916645 11.065852715644041
-15.143633306774248 376.47763932455274 10.96884387687507
-15.129117183478456 376.67956414017635 11.001831959894247
-15.071335707764938 376.8888963555282 11.106819700256324
-15.149692414356785 377.0269643641666 11.068811335616601
-15.19140732872556 377.2001996187752 11.06480096942164
-15.195916729573845 377.39435008875756 11.08078944473354
-15.199016766708205 377.573136494029 11.056778830101507
-15.216632727647031 377.75155615267334 11.089768198127757
-15.214941182550106 377.9321943626256 11.08275747443389
-15.25510592616184 378.10228473217205 11.10374727454274
-15.274553935265452 378.2779270598145 11.117736786992538
-15.284418760544476 378.4454267759986 11.147726802184991
-15.308517450984375 378.6275471128801 11.16471590994044
-15.313731482845114 378.81873576571184 11.171704517881523
-15.319932140595242 378.9919735713284 11.211694185598049
-15.33092427933633 379.1776090467125 11.205683099214298
-15.338675111892556 379.35362187369583 11.225672589725235
-15.392791826667853 379.5127898436772 11.201662966601617
-15.43563398434771 379.6826891198424 11.121652726408229
-15.405897550689744 379.86703342169926 11.190641795362296
-15.435915281391956 380.05285532877747 11.206630625933087
-15.443243366383328 380.2303499980799 11.2466200042102
-15.434928186326012 380.4121006545965 11.272609159788573
-15.465368664575827 380.59255397359505 11.267598295513494
-15.458885533537646 380.78078179863013 11.282587047937483
-15.480024687267345 380.94494848728425 11.285577171114795
-15.48946667413555 381.13669401501124 11.31956566442119
-15.471286380539127 381.31918455936784 11.33855477355263
-15.498767363507547 381.49297551392624 11.342544289026904
-15.556548166104179 381.6645428059022 11.300533859834957
-15.575714362236546 381.8279707303759 11.329524007102236
-15.585015393023212 382.0095356916412 11.344513086256455
-15.575713696006773 382.2018363698969 11.377501560140757
-15.61587826710381 382.3637792522645 11.3324917316354
-15.620669598963765 382.5447904064055 11.37148083991113
-15.600375390615945 382.72320978014136 11.400470159551702
-15.658297129987297 382.8923713202835 11.363459840812027
-15.668161853888321 383.07985862443564 11.37444853085654
-15.666611312392632 383.2517996786694 11.394438178502213
-15.675207723942869 383.44206475708484 11.431426695264719
-15.678166937580855 383.6082680242196 11.446416669860128
-15.692400487347015 383.7820586547642 11.445406156063171
-15.71114381465582 383.9697316664926 11.466394784587095
-15.711284417006247 384.1176106844395 11.46038585913135
-15.72706817437924 384.3023211935274 11.46137466612791
-15.743556626347676 384.50646734097586 11.498362291959666
-15.759622284852668 384.6730400757304 11.501352182782085
-15.768218676571358 384.8509036795408 11.5203414078521
-15.769627518012577 385.05004953604004 11.50632935548657
-15.774418784739943 385.2225450701284 11.513318903001476
-15.794289542261055 385.40003805276706 11.524308103953643
-15.794148353183836 385.57697793374757 11.571297384953624
-15.778786707210962 385.7709452606626 11.619285664915964
-15.830507509654659 385.93529449975216 11.579275569593676
-15.818387088509994 386.11463573574673 11.549264718425121
-15.825574269015512 386.2891699560258 11.60225410737749
-15.837552957414673 386.4740666363611 11.621242849511873
-15.84502185198437 386.64119368843603 11.609232677975797
-15.865738120942922 386.834973040358 11.608220847487075
-15.87954892077979 387.00321222995115 11.623210582167417
-15.891245685616283 387.19051356196815 11.61919915806999
-15.93126940193146 387.3678215754161 11.631188265957917
-15.95311314806382 387.54790533430526 11.63617724516638
-15.979043891187239 387.71947575971654 11.647166727561654
-16.027946182260386 387.897339096978 11.66015576431127
-16.05782296501745 388.06668862721443 11.672145361930376
-16.086854140089443 388.2491789391165 11.685134155867445
-16.115744453586267 388.41815928376377 11.71312376965298
-16.152808565511407 388.60564563127963 11.707112226812654
-16.19734200437314 388.77999176047564 11.709101464008256
-16.213830406347554 388.95544819208567 11.709090697941036
-16.25484058548858 389.1301642312164 11.707079910758438
-16.32023166864395 389.2874831780649 11.712070122150237
-16.330941977528603 389.46978868005283 11.730058937619674
-16.39027292886449 389.6541272366038 11.700047499546997
-16.44044365818958 389.8116328243922 11.731037722910315
-16.484695178772313 390.0011553198477 11.729025994118558
-16.543603508880395 390.17642866625386 11.760015095437382
-16.610826711389564 390.3241239845812 11.774005861835832
-16.696229719121504 390.5012456839099 11.763994771545043
-16.768103557429136 390.66430258008745 11.775984573547476
-16.85491599117025 390.8107024425997 11.790975354598231
-16.94623812763293 390.9743146261429 11.802965061464278
-17.033896127176952 391.11867836178635 11.813955954628597
-17.151994925120732 391.2658180097002 11.818946593477733
-17.256423555686936 391.40907118012717 11.827937500825755
-17.36902613286943 391.54843811139995 11.843928620663519
-17.494594215000767 391.6879895388534 11.849919687734882
-17.602968864770702 391.82235842754847 11.851911117056716
-17.73262394851053 391.9528414745832 11.86690272186297
-17.866084095894465 392.07721582852616 11.8648946867782
-17.98911546374515 392.2034415815355 11.87288656196722
-18.134131853156468 392.32448463965113 11.872878689014101
-18.249975784816648 392.44904428349685 11.874870677917073
-18.362719268678838 392.5737892508009 11.880862659606265
-18.50674912405084 392.70926909357763 11.888853882056253
-18.624425150010048 392.81643067948437 11.882846925073466
-18.764227176614867 392.9398811438906 11.904838893568694
-18.892050165210364 393.0612953860191 11.921831018101585
-19.027483339737202 393.17956278709016 11.93082330806726
-19.158406742368882 393.29597893954104 11.932815722625264
-19.305396187207926 393.39740404026486 11.941809009905967
-19.449848791695416 393.50734123903345 11.924801771422437
-19.592187544062313 393.61913128013424 11.940794422418008
-19.75538388068476 393.70871041036963 11.935788376991525
-19.9167482144901 393.80791595562584 11.966781737109699
-20.066978993902467 393.9004561620272 11.958775538041124
-20.223269842444914 393.9691216104427 11.960770793776078
-20.395485788206813 394.02890360694806 11.968766544075294
-20.560796239905358 394.078506838395 11.987762941810928
-20.75612463794728 394.10756367114567 11.965760511299635
-20.937219256988577 394.12348135878926 11.969758933671528
-21.130152057966882 394.12551896866887 11.988758172338521
-21.306173306582977 394.11311962849925 11.99775835526762
-21.474161476483225 394.09886779070996 11.979758675299422
-21.657370109699464 394.08369158962876 11.977758997554986
-21.81845284965287 394.05778127252216 11.985760053558494
-22.010540097100126 394.034832030903 11.98876081599417
-22.186702219599027 394.0120665879913 11.971761616152918
-22.361455180906624 393.9813446625869 11.986762909910226
-22.548468955272696 393.9656138104259 11.993763225892309
-22.72350368267975 393.9495123300727 11.993763603790455
-22.899665903709128 393.92249147642906 11.999764646308705
-23.083156429271682 393.903058641956 12.000765189199143
-23.251144740693285 393.8817757647407 12.014765897228102
-23.431816689714957 393.854199198478 12.012766944907384
-23.6192532597503 393.83162002256427 12.01376765092212
-23.772584734318734 393.8177381660952 11.992767942051415
-23.96396740704826 393.78979253840805 12.00776895636838
-24.14802166043986 393.77054487684995 12.009769455148245
-24.3174192358469 393.7459297085892 12.009770335255837
-24.5151437354953 393.7144671509342 12.017771527009785
-24.68242730383571 393.70114146978455 12.010771707211745
-24.86394488294087 393.66986382530513 12.016772937927897
-25.044053135415552 393.64802528994846 12.022773586270631
-25.208377220127673 393.6256307850613 12.017774324557394
-25.391726881074256 393.5925021061089 12.01977564772335
-25.57056677807674 393.57177424910265 12.028776215895078
-25.74672898127743 393.538829953225 12.019777545817846
-25.919367998931243 393.5134751924906 12.030778416397311
-26.09778505509334 393.4912657746473 12.024779062674696
-26.275215634644923 393.46239357847156 12.020780121961138
-26.462511368840012 393.4320417676439 12.032781224544749
-26.6361368125268 393.4090918979849 12.024781923068304
-26.809903304252387 393.371891817847 12.032783495167422
-26.99593063003374 393.3506087787315 12.041784027370312
-27.160677507740445 393.3271036487584 12.03378478382254
-27.34036298631046 393.2939746332824 12.029786064442419
-27.524417291535414 393.2691747593033 12.033786806944988
-27.688318663141892 393.23974773934845 12.03678791599495
-27.878010078097304 393.2180932754952 12.024788430215239
-28.05163558192295 393.1894063745368 12.023789443019126
-28.227234197723526 393.15091101713983 12.0357910476354
-28.419039564191024 393.1388813239414 12.032790940865937
-28.584632109706284 393.12278099705895 12.04979119602379
-28.767699827347684 393.1024220964603 12.037791631945652
-28.95555912728542 393.10334822990706 12.037790725526776
-29.12213804954984 393.10168315387136 12.037790072294257
-29.305910510872373 393.0983538466488 12.060789437368072
-29.480945195725504 393.10797903886805 12.065788036340194
-29.65048359389597 393.12019509407537 12.066786497619148
-29.851308428743422 393.11168169531703 12.058786087502313
-30.013377683521668 393.11186860351756 12.077785316215994
-30.175728910022528 393.0941031910123 12.104785648601734
-30.37035296412106 393.0850361450446 12.12278528790958
-30.556521069148573 393.053941143487 12.086786320347358
-30.735501928700813 393.02580975485193 12.088787199719405
-30.914200930344542 393.006007427721 12.097787561235208
-31.085007871790133 392.97732077077717 12.099788502840113
-31.27061243339621 392.9456727049683 12.098789551088856
-31.438037015516763 392.92772065383167 12.09978983880157
-31.613071944757884 392.8912613835177 12.113791225469726
-31.802904378531935 392.8638701416503 12.111791976266971
-31.972161032886056 392.8522109738549 12.114791850092189
-32.15086015876961 392.809643948088 12.126793581091704
-32.33294144000808 392.78836040796375 12.1257939772224
-32.51192225184809 392.75726684541314 12.112794987391567
-32.68822539005849 392.72709861608587 12.098795949113565
-32.86579701338595 392.6985976040057 12.108796797932087
-33.02927568179089 392.669911638361 12.121797723376858
-33.21755790121112 392.6465924453106 12.123798187055769
-33.38949228858015 392.6288260332221 12.13279838732285
-33.55663511721818 392.59699335564807 12.139799475028667
-33.741675884983714 392.5747838413514 12.128799870722332
-33.91614708676907 392.5448023800957 12.14180079715021
-34.111898626668875 392.5074168101323 12.138802060833626
-34.28636977759459 392.49057614150604 12.1528021665288
-34.45013027792189 392.46392572437924 12.159802928105222
-34.62995690143653 392.43320490714405 12.187803851131946
-34.81809815141259 392.41691856972614 12.185803832598225
-34.979321882788774 392.39026772036857 12.185804595185374
-35.17211387144177 392.3608406290637 12.182805351569527
-35.34418914176319 392.34103757482944 12.178805623063568
-35.517532887187706 392.3123514018178 12.186806430612847
-35.705956069148094 392.2910684047623 12.192806690988732
-35.871125893256156 392.2733025095322 12.20980686244485
-36.05179793653777 392.23702709313227 12.201808079710219
-36.234724833737594 392.2231473688222 12.208807900245972
-36.41215554195861 392.18705751824325 12.208809116739133
-36.58578103100505 392.165403446795 12.20080945987715
-36.772090307540246 392.1443059172957 12.212809689582798
-36.933032175476434 392.12413305254074 12.21481000472511
-37.128220053961584 392.09081988625013 12.22081092606362
-37.292685168787045 392.08064195426505 12.231810595852949
-37.461237335091454 392.0549174003021 12.244811193512504
-37.65191532127649 392.0288211967095 12.231811679982542
-37.8207493181973 392.00383666553216 12.239812222680484
-38.00621302211983 391.97848200020337 12.246812683615417
-38.194213431871255 391.95867976988256 12.253812781713549
-38.35543724229292 391.93684188981376 12.266813162951792
-38.54019634877144 391.90926663758626 12.279813748112332
-38.71833168082954 391.88520726811294 12.282814152737785
-38.888997721212284 391.8620731444681 12.28381454136715
-39.07925308770705 391.8411611437522 12.301814666983773
-39.24583205341685 391.8211723922474 12.286814876552711
-39.426363279649586 391.78971026088254 12.296815702770317
-39.60943114561402 391.77749659111134 12.307815322460783
-39.775728402346516 391.7528820660865 12.312815804490157
-39.96062842357985 391.7273425503213 12.322816222713726
-40.142286958364046 391.7058739938431 12.319816405698418
-40.31168469851786 391.6827404509356 12.329816763299192
-40.485310434338146 391.6534999511259 12.35081746493455
-40.66485501274325 391.6286996374371 12.342817850000444
-40.84834584205918 391.5911302046106 12.357818991348893
-41.03084996933729 391.5602221321957 12.347819724556558
-41.18981895383643 391.5324616592835 12.359820409436765
-41.369927391769856 391.4926703298071 12.359821693244555
-41.545526045533485 391.45880155803184 12.359822638602083
-41.72436632251465 391.40975761370714 12.3828244889215
-41.902783689678245 391.35441945419643 12.381826727080778
-42.07373165495321 391.31629344656017 12.375827947256056
-42.25694079860177 391.25133211505664 12.390830732565206
-42.421405973095354 391.20136005824793 12.37083271520305
-42.58699882851947 391.1521306092317 12.387834640136731
-42.7562558163893 391.0838364689281 12.3818377066695
-42.92494899675578 391.03368035017945 12.377839658003381
-43.09350151388505 390.96816414277953 12.399842549458384
-43.26783209207863 390.8996859463515 12.409845578631945
-43.455691572136416 390.8958011476343 12.422844541448484
-43.629598959252284 390.8806253111508 12.41884428855306
-43.80167423824944 390.86989146315915 12.415843770260267
-43.98248721083887 390.8652660683185 12.424842812597092
-44.16668254541784 390.8504611405063 12.431842450565398
-44.35172347941251 390.83898804388593 12.444841873189489
-44.519852782396356 390.831031012602 12.451841192025284
-44.69305545544493 390.8201116813087 12.4418406527316
-44.89190750049879 390.8032709743416 12.44884029304643
-45.045380071705935 390.79808989004846 12.452839530723594
-45.24099074497165 390.7771772769754 12.457839432026873
-45.41940791183797 390.766628954462 12.460838814207108
-45.59387909720922 390.74053347366623 12.457839173562093
-45.77765180507961 390.7225833799988 12.483838961883919
-45.95000882285918 390.71906698982946 12.46883793949982
-46.13420429863394 390.6853840129447 12.477838680992676
-46.322627659098515 390.6616958483874 12.493838773051635
-46.492448288766894 390.6326399288928 12.50483932183539
-46.66621479277784 390.6035826860874 12.493839838924856
-46.84209529239618 390.58452073580236 12.497839721166656
-47.025726962785455 390.55213260341696 12.49484036033877
-47.20498990525183 390.5062336257631 12.49284185359312
-47.368750493794494 390.4788429214683 12.49584232359868
-47.556751095929606 390.44053280461833 12.501843276780164
-47.7358730930388 390.3990758345202 12.500844484588612
-47.9024523626429 390.3626163939316 12.506845475883125
-48.08368838531005 390.3119055387637 12.507847223849296
-48.25364999774683 390.2880324675328 12.527847406519584
-48.42065200284519 390.25731035595174 12.530848028405785
-48.59892841190481 390.2049329102238 12.51784988619093
-48.774104371922924 390.1832804848075 12.531849878909696
-48.95167627436562 390.14108413061854 12.545851108180614
-49.128543509582904 390.0964814219489 12.554852484460753
-49.2994914826554 390.07112638820945 12.552852722821683
-49.47790883302072 390.02781840429225 12.547853996178219
-49.6622453330127 389.99080430720744 12.560854836069495
-49.82431473945678 389.9598965625951 12.554855466967354
-50.00146388701919 389.9114073057853 12.565857055422526
-50.1763579670695 389.8845721012827 12.57085732872244
-50.354352570630844 389.84089421971385 12.56985860429748
-50.53544760253547 389.8025837611064 12.569859522454948
-50.71118735332646 389.77685979426633 12.58685970377951
-50.875511875550586 389.739290594866 12.603860698388814
-51.061257539662726 389.701164834394 12.596861551547846
-51.23558782618538 389.6750693614262 12.591861754642906
-51.40414024614474 389.6330580221769 12.6048629715537
-51.58791295104634 389.6012257352687 12.609863440184455
-51.759988419046664 389.571984132265 12.608863838879017
-51.9358692534538 389.52978820565477 12.628864993978823
-52.11879633848393 389.5025828182845 12.6318651707968
-52.2852346315556 389.4701947578315 12.62986579265933
-52.46717532405591 389.43151462049565 12.636866668186798
-52.6423512449806 389.40134753448956 12.633867072539601
-52.802306918594084 389.36951578262085 12.6498676997669
-53.00468238929593 389.33638816018413 12.655868052313679
-53.17408017211956 389.31269905200446 12.655868093542125
-53.34488751750665 389.26624577491725 12.667869510452078
-53.518513439490434 389.2381162978188 12.692869779605445
-53.68523354771415 389.20572784258627 12.683870361025214
-53.86731517034633 389.17630213780336 12.696870627645694
-54.04361865546144 389.1444701010025 12.705871087270737
-54.22189505180936 389.11115658341555 12.700871612533405
-54.40313101045559 389.07913896053066 12.700872030091688
-54.575770435272986 389.0500840373014 12.724872334125081
-54.75277848870574 389.0151048586586 12.720872957896404
-54.93175967264378 388.991972263551 12.739872834300542
-55.10158028331354 388.9629157415398 12.73787314874491
-55.281266022585434 388.92627086896573 12.733873836436317
-55.46362929509901 388.90628321532023 12.728873477989708
-55.63725507984744 388.87426574957635 12.73187392404975
-55.81919579656004 388.84206375822157 12.742874304271822
-55.99296254398524 388.8154141283437 12.753874412257431
-56.16010559648036 388.7895048354553 12.765874528807927
-56.34697882461827 388.75767281173495 12.772874827487868
-56.51722223035981 388.7339839074363 12.774874769948752
-56.693102944977085 388.695303519366 12.776875574492124
-56.88209013073717 388.6651373720574 12.785875737540778
-57.052615143455355 388.6436678005318 12.7608755285506
-57.229200644569914 388.6109112323971 12.782875949575526
-57.408322655971084 388.58592691366607 12.785875867804947
-57.58363965400773 388.55594575937437 12.794876121160769
-57.752896859598955 388.5265210846949 12.824876390073513
-57.93187783471146 388.5076440099376 12.820875921522543
-58.112690885527144 388.477661445542 12.80587610922197
-58.29730920016128 388.4480501760297 12.80887623391368
-58.47121684647945 388.4321354613377 12.822875617149549
-58.63483686800603 388.39475187025266 12.845876399364244
-58.83425266806131 388.3751345952396 12.840875762361264
-58.99138973763801 388.34848496368727 12.852875940867449
-59.170370971346664 388.31535762644404 12.863876306418774
-59.355975520749595 388.2994411965342 12.84787555560726
-59.53115152671857 388.2670533670123 12.845875902924377
-59.716051906081326 388.24392154182243 12.874875588069557
-59.879108122390726 388.2239357942102 12.90187527939787
-60.057948266882306 388.1945091727822 12.89787539664141
-60.24242552299464 388.17174532289687 12.890875048784125
-60.4147830944225 388.14472610946257 12.909875069776774
-60.5900999653419 388.1191861676501 12.905874966082536
-60.774154534467854 388.09697823874217 12.90987457193907
-60.93566049804381 388.0673675760408 12.92487484024889
-61.133949009012014 388.04997229639787 12.93587400514673
-61.300246467361276 388.036648837008 12.9518732240019
-61.47598613061697 388.0101834538957 12.94687314956397
-61.66680521161659 387.9789053732351 12.929873216572332
-61.832397923296206 387.97298489983785 12.941871977966372
-62.005601211122766 387.94189450560924 12.96987219418844
-62.19388367622188 387.92098221202315 12.973871638567147
-62.36793207730912 387.8995135859056 12.961871251176206
-62.541980900459606 387.86879306643306 12.984871421832054
-62.7187072315941 387.8582464228969 13.008870330233549
-62.89205114887955 387.82585847384166 13.003870601696292
-63.07638743142055 387.8114233813962 12.997869662796802
-63.25832802855574 387.78958541343195 12.997869194899863
-63.41912948422345 387.76386240522874 13.027869170275352
-63.61657231237902 387.7472067750514 13.026868219790089
-63.78160125332025 387.7290699834275 13.021867680353154
-63.967770080364296 387.701681356121 13.049867486822961
-64.13533595116333 387.68465629608966 13.064866843285984
-64.31361232584837 387.66337326036114 13.059866347947008
-64.49808959432332 387.6456068738064 13.055865569893768
-64.6846807363821 387.62358298723063 13.040865026309802
-64.8485827230202 387.5993411073763 13.077864839882352
